0.9756468797564688 0.9726858877086495 0.972768532526475 0.9757207890743551 0.9742033383915023
0.9566517189835575 0.9711684370257967 0.9707241910631741 0.9559939301972686 0.9635811836115327
0.9577039274924471 0.9620637329286799 0.961890243902439 0.9575113808801214 0.9597875569044007
0.9622356495468278 0.9666160849772383 0.9664634146341463 0.9620637329286799 0.9643399089529591
0.9598214285714286 0.9787556904400607 0.978328173374613 0.9590288315629742 0.9688922610015175
0.9698795180722891 0.9772382397572079 0.9770642201834863 0.9696509863429439 0.9734446130500759
0.9597014925373134 0.9757207890743551 0.9753086419753086 0.9590288315629742 0.9673748103186647
0.9683734939759037 0.9757207890743551 0.9755351681957186 0.9681335356600911 0.9719271623672231
0.9458272327964861 0.9802731411229135 0.9795275590551181 0.9438543247344461 0.9620637329286799
0.9519519519519519 0.9620637329286799 0.9616564417177914 0.9514415781487102 0.956752655538695
0.9641791044776119 0.9802731411229135 0.9799382716049383 0.9635811836115327 0.9719271623672231
0.9516837481698389 0.9863429438543247 0.9858267716535433 0.9499241274658573 0.9681335356600911
0.9569093610698366 0.9772382397572079 0.9767441860465116 0.9559939301972686 0.9666160849772383
0.9668674698795181 0.9742033383915023 0.9740061162079511 0.9666160849772383 0.9704097116843703
0.9625748502994012 0.9757207890743551 0.9753846153846154 0.9620637329286799 0.9688922610015175
0.972972972972973 0.9833080424886191 0.9831288343558282 0.9726858877086495 0.9779969650986343
0.9654654654654654 0.9757207890743551 0.9754601226993865 0.9650986342943855 0.9704097116843703
0.968609865470852 0.9833080424886191 0.9830508474576272 0.9681335356600911 0.9757207890743551
0.971342383107089 0.9772382397572079 0.9770992366412213 0.9711684370257967 0.9742033383915023
0.9510385756676558 0.9726858877086495 0.9720496894409938 0.9499241274658573 0.9613050075872535
0.9527326440177253 0.9787556904400607 0.9781591263650546 0.9514415781487102 0.9650986342943855
0.9542772861356932 0.9817905918057663 0.98125 0.952959028831563 0.9673748103186647
0.9724770642201835 0.9650986342943855 0.9653614457831325 0.9726858877086495 0.9688922610015175
0.9625187406296851 0.9742033383915023 0.9738863287250384 0.9620637329286799 0.9681335356600911
0.9624624624624625 0.9726858877086495 0.9723926380368099 0.9620637329286799 0.9673748103186647
0.9730941704035875 0.9878603945371776 0.987673343605547 0.9726858877086495 0.9802731411229135
0.9411764705882353 0.9711684370257967 0.9702194357366771 0.9393019726858877 0.9552352048558422
0.962852897473997 0.9833080424886191 0.9829457364341085 0.9620637329286799 0.9726858877086495
0.9683734939759037 0.9757207890743551 0.9755351681957186 0.9681335356600911 0.9719271623672231
0.9569093610698366 0.9772382397572079 0.9767441860465116 0.9559939301972686 0.9666160849772383
0.9654654654654654 0.9757207890743551 0.9754601226993865 0.9650986342943855 0.9704097116843703
0.9527326440177253 0.9787556904400607 0.9781591263650546 0.9514415781487102 0.9650986342943855
0.9687034277198212 0.9863429438543247 0.9860896445131375 0.9681335356600911 0.9772382397572079
0.9537313432835821 0.9696509863429439 0.9691358024691358 0.952959028831563 0.9613050075872535
0.9728506787330317 0.9787556904400607 0.9786259541984733 0.9726858877086495 0.9757207890743551
0.9540740740740741 0.9772382397572079 0.9766718506998445 0.952959028831563 0.9650986342943855
0.9624624624624625 0.9726858877086495 0.9723926380368099 0.9620637329286799 0.9673748103186647
0.960960960960961 0.9711684370257967 0.9708588957055214 0.960546282245827 0.9658573596358119
0.9710806697108066 0.9681335356600911 0.9682299546142209 0.9711684370257967 0.9696509863429439
0.9625748502994012 0.9757207890743551 0.9753846153846154 0.9620637329286799 0.9688922610015175
0.9654135338345865 0.9742033383915023 0.9739663093415007 0.9650986342943855 0.9696509863429439
0.974320241691843 0.9787556904400607 0.9786585365853658 0.9742033383915023 0.9764795144157815
0.9698340874811463 0.9757207890743551 0.9755725190839695 0.9696509863429439 0.9726858877086495
0.9726858877086495 0.9726858877086495 0.9726858877086495 0.9726858877086495 0.9726858877086495
0.9772036474164134 0.9757207890743551 0.9757575757575757 0.9772382397572079 0.9764795144157815
0.9756468797564688 0.9726858877086495 0.972768532526475 0.9757207890743551 0.9742033383915023
0.9656716417910448 0.9817905918057663 0.9814814814814815 0.9650986342943855 0.9734446130500759
0.968421052631579 0.9772382397572079 0.9770290964777948 0.9681335356600911 0.9726858877086495
0.9729323308270676 0.9817905918057663 0.9816232771822359 0.9726858877086495 0.9772382397572079
0.9497041420118343 0.9742033383915023 0.9735202492211839 0.9484066767830045 0.9613050075872535
0.9567809239940388 0.9742033383915023 0.973724884080371 0.9559939301972686 0.9650986342943855
0.9629080118694362 0.9848254931714719 0.984472049689441 0.9620637329286799 0.9734446130500759
0.9742813918305597 0.9772382397572079 0.9771689497716894 0.9742033383915023 0.9757207890743551
0.9614243323442137 0.9833080424886191 0.9829192546583851 0.960546282245827 0.9719271623672231
0.9629629629629629 0.9863429438543247 0.9860031104199067 0.9620637329286799 0.9742033383915023
0.9553571428571429 0.9742033383915023 0.9736842105263158 0.9544764795144158 0.9643399089529591
0.95952023988006 0.9711684370257967 0.9708141321044547 0.9590288315629742 0.9650986342943855
0.9609022556390977 0.9696509863429439 0.9693721286370597 0.960546282245827 0.9650986342943855
0.9511111111111111 0.9742033383915023 0.973561430793157 0.9499241274658573 0.9620637329286799
0.9625748502994012 0.9757207890743551 0.9753846153846154 0.9620637329286799 0.9688922610015175
0.9668174962292609 0.9726858877086495 0.9725190839694656 0.9666160849772383 0.9696509863429439
0.9671641791044776 0.9833080424886191 0.9830246913580247 0.9666160849772383 0.9749620637329287
0.9697428139183056 0.9726858877086495 0.9726027397260274 0.9696509863429439 0.9711684370257967
0.9665653495440729 0.9650986342943855 0.9651515151515152 0.9666160849772383 0.9658573596358119
0.9652042360060514 0.9681335356600911 0.9680365296803652 0.9650986342943855 0.9666160849772383
0.9682779456193353 0.9726858877086495 0.9725609756097561 0.9681335356600911 0.9704097116843703
0.9701046337817638 0.9848254931714719 0.9845916795069337 0.9696509863429439 0.9772382397572079
0.9671150971599403 0.9817905918057663 0.9815100154083205 0.9666160849772383 0.9742033383915023
0.9475218658892128 0.9863429438543247 0.9857594936708861 0.9453717754172989 0.9658573596358119
0.9626307922272048 0.9772382397572079 0.9768875192604006 0.9620637329286799 0.9696509863429439
0.9548192771084337 0.9620637329286799 0.9617737003058104 0.9544764795144158 0.9582701062215478
0.975609756097561 0.9711684370257967 0.9712990936555891 0.9757207890743551 0.9734446130500759
0.9641791044776119 0.9802731411229135 0.9799382716049383 0.9635811836115327 0.9719271623672231
0.9598811292719168 0.9802731411229135 0.9798449612403101 0.9590288315629742 0.9696509863429439
0.9620637329286799 0.9620637329286799 0.9620637329286799 0.9620637329286799 0.9620637329286799
0.9652567975830816 0.9696509863429439 0.9695121951219512 0.9650986342943855 0.9673748103186647
0.9611360239162929 0.9757207890743551 0.975346687211094 0.960546282245827 0.9681335356600911
0.9619482496194824 0.9590288315629742 0.9591527987897126 0.9620637329286799 0.960546282245827
0.9571639586410635 0.9833080424886191 0.982839313572543 0.9559939301972686 0.9696509863429439
0.967016491754123 0.9787556904400607 0.978494623655914 0.9666160849772383 0.9726858877086495
0.9585185185185185 0.9817905918057663 0.9813374805598756 0.9575113808801214 0.9696509863429439
0.9608433734939759 0.9681335356600911 0.9678899082568807 0.960546282245827 0.9643399089529591
0.9658246656760773 0.9863429438543247 0.986046511627907 0.9650986342943855 0.9757207890743551
0.9625187406296851 0.9742033383915023 0.9738863287250384 0.9620637329286799 0.9681335356600911
0.9726027397260274 0.9696509863429439 0.9697428139183056 0.9726858877086495 0.9711684370257967
0.9625748502994012 0.9757207890743551 0.9753846153846154 0.9620637329286799 0.9688922610015175
0.9668674698795181 0.9742033383915023 0.9740061162079511 0.9666160849772383 0.9704097116843703
0.9599406528189911 0.9817905918057663 0.9813664596273292 0.9590288315629742 0.9704097116843703
0.9597615499254843 0.9772382397572079 0.9768160741885626 0.9590288315629742 0.9681335356600911
0.9665653495440729 0.9650986342943855 0.9651515151515152 0.9666160849772383 0.9658573596358119
0.972809667673716 0.9772382397572079 0.9771341463414634 0.9726858877086495 0.9749620637329287
0.962852897473997 0.9833080424886191 0.9829457364341085 0.9620637329286799 0.9726858877086495
0.9527326440177253 0.9787556904400607 0.9781591263650546 0.9514415781487102 0.9650986342943855
0.9726443768996961 0.9711684370257967 0.9712121212121212 0.9726858877086495 0.9719271623672231
0.9726027397260274 0.9696509863429439 0.9697428139183056 0.9726858877086495 0.9711684370257967
0.9665144596651446 0.9635811836115327 0.9636913767019667 0.9666160849772383 0.9650986342943855
0.9800918836140888 0.9711684370257967 0.9714285714285714 0.9802731411229135 0.9757207890743551
0.9709480122324159 0.9635811836115327 0.963855421686747 0.9711684370257967 0.9673748103186647
0.9714285714285714 0.9802731411229135 0.9800918836140888 0.9711684370257967 0.9757207890743551
0.9571639586410635 0.9833080424886191 0.982839313572543 0.9559939301972686 0.9696509863429439
