1.0 0.9624060150375939
0.9948849104859335 0.974937343358396
1.0 0.9598997493734336
0.9974293059125964 0.9724310776942355
1.0 0.9799498746867168
1.0 0.949874686716792
0.9973753280839895 0.9523809523809523
1.0 0.9724310776942355
0.9974619289340102 0.9849624060150376
0.9948320413436692 0.9649122807017544
0.9922077922077922 0.9573934837092731
1.0 0.974937343358396
1.0 0.9774436090225563
0.9948051948051948 0.9598997493734336
1.0 0.9824561403508771
0.9974160206718347 0.9674185463659147
0.9974226804123711 0.9699248120300752
1.0 0.9598997493734336
1.0 0.9724310776942355
0.9973890339425587 0.9573934837092731
0.9974160206718347 0.9674185463659147
0.9897959183673469 0.9724310776942355
0.9948051948051948 0.9598997493734336
0.9974358974358974 0.974937343358396
0.9974489795918368 0.9799498746867168
0.9921465968586387 0.949874686716792
0.9947780678851175 0.9548872180451128
0.9948717948717949 0.9724310776942355
0.9974619289340102 0.9849624060150376
0.9897172236503856 0.9649122807017544
0.9922279792746114 0.9598997493734336
0.9948453608247423 0.9674185463659147
1.0 0.9774436090225563
0.9948186528497409 0.9624060150375939
1.0 0.9824561403508771
0.9948320413436692 0.9649122807017544
0.9948586118251928 0.9699248120300752
1.0 0.9598997493734336
1.0 0.974937343358396
0.9973890339425587 0.9573934837092731
0.9948320413436692 0.9649122807017544
0.9823232323232324 0.974937343358396
0.9922279792746114 0.9598997493734336
0.9898734177215189 0.9799498746867168
0.9949109414758269 0.9799498746867168
0.9921875 0.9548872180451128
0.9947643979057592 0.9523809523809523
0.9948586118251928 0.9699248120300752
0.9974619289340102 0.9849624060150376
0.9871134020618557 0.9598997493734336
0.9845758354755784 0.9598997493734336
0.9923076923076923 0.9699248120300752
0.9974489795918368 0.9799498746867168
0.9948320413436692 0.9649122807017544
0.9923857868020305 0.9799498746867168
0.9948453608247423 0.9674185463659147
0.9948586118251928 0.9699248120300752
0.9973958333333334 0.9598997493734336
0.9974226804123711 0.9699248120300752
0.9922279792746114 0.9598997493734336
0.9897172236503856 0.9649122807017544
0.9675810473815462 0.9724310776942355
0.9896640826873385 0.9598997493734336
0.9848866498740554 0.9799498746867168
0.9974489795918368 0.9799498746867168
0.9921465968586387 0.949874686716792
0.9922279792746114 0.9598997493734336
0.9923273657289002 0.9724310776942355
0.9949494949494949 0.9874686716791979
0.9845758354755784 0.9598997493734336
0.9845758354755784 0.9598997493734336
0.9872448979591837 0.9699248120300752
0.9974358974358974 0.974937343358396
0.9896907216494846 0.9624060150375939
0.9924050632911392 0.9824561403508771
0.9922879177377892 0.9674185463659147
0.9923076923076923 0.9699248120300752
0.9922480620155039 0.9624060150375939
0.9974293059125964 0.9724310776942355
0.9947916666666666 0.9573934837092731
0.9847328244274809 0.9699248120300752
0.9651741293532339 0.9724310776942355
0.987146529562982 0.9624060150375939
0.9848866498740554 0.9799498746867168
0.9923857868020305 0.9799498746867168
0.9868766404199475 0.9423558897243107
0.9845360824742269 0.9573934837092731
0.9897435897435898 0.9674185463659147
0.9924242424242424 0.9849624060150376
0.9794871794871794 0.9573934837092731
0.9820051413881749 0.9573934837092731
0.9872448979591837 0.9699248120300752
0.9974424552429667 0.9774436090225563
0.9871794871794872 0.9649122807017544
0.98 0.9824561403508771
0.9846938775510204 0.9674185463659147
0.989769820971867 0.9699248120300752
0.9896640826873385 0.9598997493734336
0.9948586118251928 0.9699248120300752
0.9870801033591732 0.9573934837092731
0.9821882951653944 0.9674185463659147
0.9628712871287128 0.974937343358396
0.987146529562982 0.9624060150375939
0.9848866498740554 0.9799498746867168
0.9873737373737373 0.9799498746867168
0.9818652849740933 0.949874686716792
0.979381443298969 0.9523809523809523
0.9822784810126582 0.9724310776942355
0.9899244332493703 0.9849624060150376
0.9770992366412213 0.9624060150375939
0.982051282051282 0.9598997493734336
0.9847328244274809 0.9699248120300752
0.9974489795918368 0.9799498746867168
0.9820051413881749 0.9573934837092731
0.9775 0.9799498746867168
0.9846153846153847 0.9624060150375939
0.989769820971867 0.9699248120300752
0.987146529562982 0.9624060150375939
0.9948453608247423 0.9674185463659147
0.9870801033591732 0.9573934837092731
0.9746835443037974 0.9649122807017544
0.9627791563275434 0.9724310776942355
0.9871134020618557 0.9598997493734336
0.9798994974874372 0.9774436090225563
0.9873417721518988 0.9774436090225563
0.9768041237113402 0.949874686716792
0.9743589743589743 0.9523809523809523
0.9823232323232324 0.974937343358396
0.9874055415617129 0.9824561403508771
0.9720101781170484 0.9573934837092731
0.9794871794871794 0.9573934837092731
0.9846938775510204 0.9674185463659147
0.9848866498740554 0.9799498746867168
0.9770992366412213 0.9624060150375939
0.9727047146401985 0.9824561403508771
0.9796954314720813 0.9674185463659147
0.9872448979591837 0.9699248120300752
0.9845758354755784 0.9598997493734336
0.9923076923076923 0.9699248120300752
0.9819121447028424 0.9523809523809523
0.9723618090452262 0.9699248120300752
0.9580246913580247 0.9724310776942355
0.9871134020618557 0.9598997493734336
0.9750623441396509 0.9799498746867168
0.9873737373737373 0.9799498746867168
0.9767441860465116 0.9473684210526315
0.9743589743589743 0.9523809523809523
0.9773869346733668 0.974937343358396
0.985 0.9874686716791979
0.9672544080604534 0.9624060150375939
0.9770408163265306 0.9598997493734336
0.9821882951653944 0.9674185463659147
0.9798994974874372 0.9774436090225563
0.9770992366412213 0.9624060150375939
0.972636815920398 0.9799498746867168
0.9746835443037974 0.9649122807017544
0.9847715736040609 0.9724310776942355
0.9820971867007673 0.9624060150375939
0.9872773536895675 0.9724310776942355
0.9820051413881749 0.9573934837092731
0.9722222222222222 0.9649122807017544
0.9509803921568627 0.9724310776942355
0.9845758354755784 0.9598997493734336
0.972568578553616 0.9774436090225563
0.9824120603015075 0.9799498746867168
0.9719387755102041 0.9548872180451128
0.974293059125964 0.949874686716792
0.9773299748110831 0.9724310776942355
0.9800498753117207 0.9849624060150376
0.9597989949748744 0.9573934837092731
0.979539641943734 0.9598997493734336
0.979746835443038 0.9699248120300752
0.9750623441396509 0.9799498746867168
0.9745547073791349 0.9598997493734336
0.9727047146401985 0.9824561403508771
0.9722222222222222 0.9649122807017544
0.979746835443038 0.9699248120300752
0.982051282051282 0.9598997493734336
0.9848101265822785 0.974937343358396
0.9745547073791349 0.9598997493734336
0.9626865671641791 0.9699248120300752
0.9486552567237164 0.9724310776942355
0.9845758354755784 0.9598997493734336
0.9702233250620348 0.9799498746867168
0.9775 0.9799498746867168
0.9717948717948718 0.949874686716792
0.9717948717948718 0.949874686716792
0.972568578553616 0.9774436090225563
0.9727722772277227 0.9849624060150376
0.9576059850374065 0.9624060150375939
0.9744897959183674 0.9573934837092731
0.9748743718592965 0.9724310776942355
0.975 0.9774436090225563
0.9720812182741116 0.9598997493734336
0.9702233250620348 0.9799498746867168
0.9697732997481109 0.9649122807017544
0.979746835443038 0.9699248120300752
0.979539641943734 0.9598997493734336
0.9822335025380711 0.9699248120300752
0.9670050761421319 0.9548872180451128
0.9576059850374065 0.9624060150375939
0.9463414634146341 0.9724310776942355
0.9795918367346939 0.9624060150375939
0.9653465346534653 0.9774436090225563
0.9774436090225563 0.9774436090225563
0.969309462915601 0.949874686716792
0.9719387755102041 0.9548872180451128
0.9650872817955112 0.9699248120300752
0.967741935483871 0.9774436090225563
0.9502487562189055 0.9573934837092731
0.9745547073791349 0.9598997493734336
0.9747474747474747 0.9674185463659147
0.9724310776942355 0.9724310776942355
0.9720101781170484 0.9573934837092731
0.9702233250620348 0.9799498746867168
0.9697732997481109 0.9649122807017544
0.9602977667493796 0.9699248120300752
0.9770408163265306 0.9598997493734336
0.9773299748110831 0.9724310776942355
0.9695431472081218 0.9573934837092731
0.9578163771712159 0.9674185463659147
0.941747572815534 0.9724310776942355
0.9795918367346939 0.9624060150375939
0.9654320987654321 0.9799498746867168
0.975 0.9774436090225563
0.9667519181585678 0.9473684210526315
0.9668367346938775 0.949874686716792
0.9580246913580247 0.9724310776942355
0.9679802955665024 0.9849624060150376
0.9387254901960784 0.9598997493734336
0.9720101781170484 0.9573934837092731
0.9722921914357683 0.9674185463659147
0.967741935483871 0.9774436090225563
0.9671717171717171 0.9598997493734336
0.9679012345679012 0.9824561403508771
0.9675 0.9699248120300752
0.9532019704433498 0.9699248120300752
0.9770408163265306 0.9598997493734336
0.972568578553616 0.9774436090225563
0.9670050761421319 0.9548872180451128
0.9554455445544554 0.9674185463659147
0.941747572815534 0.9724310776942355
0.9696202531645569 0.9598997493734336
0.9605911330049262 0.9774436090225563
0.9701492537313433 0.9774436090225563
0.9618320610687023 0.9473684210526315
0.9670050761421319 0.9548872180451128
0.9508599508599509 0.9699248120300752
0.9656019656019657 0.9849624060150376
0.9391727493917275 0.9674185463659147
0.9646464646464646 0.9573934837092731
0.97 0.9724310776942355
0.9629629629629629 0.9774436090225563
0.964824120603015 0.9624060150375939
0.9679012345679012 0.9824561403508771
0.9649122807017544 0.9649122807017544
0.9532019704433498 0.9699248120300752
0.9720812182741116 0.9598997493734336
0.9675810473815462 0.9724310776942355
0.9622166246851386 0.9573934837092731
0.9532019704433498 0.9699248120300752
0.9396135265700483 0.974937343358396
0.9671717171717171 0.9598997493734336
0.9605911330049262 0.9774436090225563
0.9702233250620348 0.9799498746867168
0.9593908629441624 0.9473684210526315
0.9597989949748744 0.9573934837092731
0.9485294117647058 0.9699248120300752
0.9656019656019657 0.9849624060150376
0.9341463414634147 0.9598997493734336
0.964735516372796 0.9598997493734336
0.9675 0.9699248120300752
0.9627791563275434 0.9724310776942355
0.964824120603015 0.9624060150375939
0.960880195599022 0.9849624060150376
0.9621212121212122 0.9548872180451128
0.9508599508599509 0.9699248120300752
0.9696202531645569 0.9598997493734336
0.9649122807017544 0.9649122807017544
0.9623115577889447 0.9598997493734336
0.9507389162561576 0.9674185463659147
0.9373493975903614 0.974937343358396
0.9671717171717171 0.9598997493734336
0.9605911330049262 0.9774436090225563
0.9628712871287128 0.974937343358396
0.9597989949748744 0.9573934837092731
0.9547738693467337 0.9523809523809523
0.9464720194647201 0.974937343358396
0.9585365853658536 0.9849624060150376
0.9318734793187348 0.9598997493734336
0.9598997493734336 0.9598997493734336
0.9650872817955112 0.9699248120300752
0.9605911330049262 0.9774436090225563
0.964824120603015 0.9624060150375939
0.9585365853658536 0.9849624060150376
0.9624060150375939 0.9624060150375939
0.9508599508599509 0.9699248120300752
0.9696202531645569 0.9598997493734336
0.9578163771712159 0.9674185463659147
0.9598997493734336 0.9598997493734336
0.9459459459459459 0.9649122807017544
0.9350961538461539 0.974937343358396
0.9624060150375939 0.9624060150375939
0.9582309582309583 0.9774436090225563
0.9630541871921182 0.9799498746867168
0.9521410579345088 0.9473684210526315
0.9501246882793017 0.9548872180451128
0.9441747572815534 0.974937343358396
0.9585365853658536 0.9849624060150376
0.9297820823244553 0.9624060150375939
0.9598997493734336 0.9598997493734336
0.9675 0.9699248120300752
0.9583333333333334 0.9799498746867168
0.9552238805970149 0.9624060150375939
0.9535452322738386 0.9774436090225563
0.9624060150375939 0.9624060150375939
0.9485294117647058 0.9699248120300752
0.9671717171717171 0.9598997493734336
0.9578163771712159 0.9674185463659147
0.9552238805970149 0.9624060150375939
0.941320293398533 0.9649122807017544
0.9373493975903614 0.974937343358396
0.96 0.9624060150375939
0.9583333333333334 0.9799498746867168
0.9606879606879607 0.9799498746867168
0.949874686716792 0.949874686716792
0.9476309226932669 0.9523809523809523
0.9440389294403893 0.9724310776942355
0.9563106796116505 0.9874686716791979
0.927536231884058 0.9624060150375939
0.9573934837092731 0.9573934837092731
0.9649122807017544 0.9649122807017544
0.9557739557739557 0.974937343358396
0.9501246882793017 0.9548872180451128
0.9491525423728814 0.9824561403508771
0.96 0.9624060150375939
0.9462102689486552 0.9699248120300752
0.9623115577889447 0.9598997493734336
0.9580246913580247 0.9724310776942355
0.9551122194513716 0.9598997493734336
0.9323671497584541 0.9674185463659147
0.9371980676328503 0.9724310776942355
0.9598997493734336 0.9598997493734336
0.9558823529411765 0.9774436090225563
0.9582309582309583 0.9774436090225563
0.949874686716792 0.949874686716792
0.9408866995073891 0.9573934837092731
0.9347826086956522 0.9699248120300752
0.9562043795620438 0.9849624060150376
0.927536231884058 0.9624060150375939
0.9575 0.9598997493734336
0.9649122807017544 0.9649122807017544
0.9558823529411765 0.9774436090225563
0.9481481481481482 0.9624060150375939
0.944578313253012 0.9824561403508771
0.9600997506234414 0.9649122807017544
0.9416058394160584 0.9699248120300752
0.9623115577889447 0.9598997493734336
0.958128078817734 0.974937343358396
0.9503722084367245 0.9598997493734336
0.9346246973365617 0.9674185463659147
0.9373493975903614 0.974937343358396
0.9598997493734336 0.9598997493734336
0.9558823529411765 0.9774436090225563
0.9535452322738386 0.9774436090225563
0.9473684210526315 0.9473684210526315
0.9359605911330049 0.9523809523809523
0.9325301204819277 0.9699248120300752
0.9514563106796117 0.9824561403508771
0.9299516908212561 0.9649122807017544
0.9575 0.9598997493734336
0.9627791563275434 0.9724310776942355
0.9512195121951219 0.9774436090225563
0.9481481481481482 0.9624060150375939
0.944578313253012 0.9824561403508771
0.9577114427860697 0.9649122807017544
0.9394673123486683 0.9724310776942355
0.9576059850374065 0.9624060150375939
0.9512195121951219 0.9774436090225563
0.945679012345679 0.9598997493734336
0.9301204819277108 0.9674185463659147
0.9350961538461539 0.974937343358396
0.9527363184079602 0.9598997493734336
0.9513381995133819 0.9799498746867168
0.9536585365853658 0.9799498746867168
0.9475 0.949874686716792
0.928921568627451 0.949874686716792
0.9304556354916067 0.9724310776942355
0.9514563106796117 0.9824561403508771
0.9230769230769231 0.9624060150375939
0.9526184538653366 0.9573934837092731
0.9625935162094763 0.9674185463659147
0.9443099273607748 0.9774436090225563
0.941031941031941 0.9598997493734336
0.9399038461538461 0.9799498746867168
0.9578163771712159 0.9674185463659147
0.9325301204819277 0.9699248120300752
0.9552238805970149 0.9624060150375939
0.9509803921568627 0.9724310776942355
0.9502487562189055 0.9573934837092731
0.9299516908212561 0.9649122807017544
0.9328537170263789 0.974937343358396
0.9503722084367245 0.9598997493734336
0.9513381995133819 0.9799498746867168
0.9535452322738386 0.9774436090225563
0.943069306930693 0.9548872180451128
0.9290953545232273 0.9523809523809523
0.9278846153846154 0.9674185463659147
0.9515738498789347 0.9849624060150376
0.9206730769230769 0.9598997493734336
0.948019801980198 0.9598997493734336
0.9600997506234414 0.9649122807017544
0.9443099273607748 0.9774436090225563
0.9387254901960784 0.9598997493734336
0.9376498800959233 0.9799498746867168
0.9555555555555556 0.9699248120300752
0.9258373205741627 0.9699248120300752
0.9527363184079602 0.9598997493734336
0.9462102689486552 0.9699248120300752
0.9478908188585607 0.9573934837092731
0.9234449760765551 0.9674185463659147
0.9284009546539379 0.974937343358396
0.9504950495049505 0.9624060150375939
0.9466019417475728 0.9774436090225563
0.9513381995133819 0.9799498746867168
0.9404466501240695 0.949874686716792
0.9180722891566265 0.9548872180451128
0.9212410501193318 0.9674185463659147
0.9514563106796117 0.9824561403508771
0.920863309352518 0.9624060150375939
0.9455445544554455 0.9573934837092731
0.9601990049751243 0.9674185463659147
0.9420289855072463 0.9774436090225563
0.9364303178484108 0.9598997493734336
0.9376498800959233 0.9799498746867168
0.9458128078817734 0.9624060150375939
0.9280575539568345 0.9699248120300752
0.9527363184079602 0.9598997493734336
0.941747572815534 0.9724310776942355
0.943069306930693 0.9548872180451128
0.9164677804295943 0.9624060150375939
0.9218009478672986 0.974937343358396
0.9459459459459459 0.9649122807017544
0.9420289855072463 0.9774436090225563
0.948780487804878 0.974937343358396
0.9359605911330049 0.9523809523809523
0.9138755980861244 0.9573934837092731
0.9129411764705883 0.9724310776942355
0.9514563106796117 0.9824561403508771
0.9206730769230769 0.9598997493734336
0.945679012345679 0.9598997493734336
0.9555555555555556 0.9699248120300752
0.9397590361445783 0.9774436090225563
0.9339853300733496 0.9573934837092731
0.9375 0.9774436090225563
0.9367396593673966 0.9649122807017544
0.9214285714285714 0.9699248120300752
0.948019801980198 0.9598997493734336
0.9393203883495146 0.9699248120300752
0.9408866995073891 0.9573934837092731
0.9168646080760094 0.9674185463659147
0.9218009478672986 0.974937343358396
0.9458128078817734 0.9624060150375939
0.9397590361445783 0.9774436090225563
0.9421686746987952 0.9799498746867168
0.9331683168316832 0.9448621553884712
0.9156626506024096 0.9523809523809523
0.9154929577464789 0.9774436090225563
0.9492753623188406 0.9849624060150376
0.9212410501193318 0.9674185463659147
0.9408866995073891 0.9573934837092731
0.9530864197530864 0.9674185463659147
0.9397590361445783 0.9774436090225563
0.9296116504854369 0.9598997493734336
0.930952380952381 0.9799498746867168
0.9368932038834952 0.9674185463659147
0.9192399049881235 0.9699248120300752
0.9433497536945813 0.9598997493734336
0.9368932038834952 0.9674185463659147
0.9385749385749386 0.9573934837092731
0.9168646080760094 0.9674185463659147
0.9129411764705883 0.9724310776942355
0.9411764705882353 0.9624060150375939
0.9376498800959233 0.9799498746867168
0.9421686746987952 0.9799498746867168
0.9292682926829269 0.9548872180451128
0.9160671462829736 0.9573934837092731
0.9127358490566038 0.9699248120300752
0.9492753623188406 0.9849624060150376
0.9119047619047619 0.9598997493734336
0.9385749385749386 0.9573934837092731
0.9530864197530864 0.9674185463659147
0.9397590361445783 0.9774436090225563
0.9206730769230769 0.9598997493734336
0.9289099526066351 0.9824561403508771
0.9301204819277108 0.9674185463659147
0.9214285714285714 0.9699248120300752
0.941031941031941 0.9598997493734336
0.9350961538461539 0.974937343358396
0.9362745098039216 0.9573934837092731
0.9080188679245284 0.9649122807017544
0.9086651053864169 0.9724310776942355
0.9387254901960784 0.9598997493734336
0.9330143540669856 0.9774436090225563
0.9421686746987952 0.9799498746867168
0.9266503667481663 0.949874686716792
0.9160671462829736 0.9573934837092731
0.9129411764705883 0.9724310776942355
0.9468599033816425 0.9824561403508771
0.9123222748815166 0.9649122807017544
0.9408866995073891 0.9573934837092731
0.9508599508599509 0.9699248120300752
0.9396135265700483 0.974937343358396
0.920863309352518 0.9624060150375939
0.9290780141843972 0.9849624060150376
0.9302884615384616 0.9699248120300752
0.9170616113744076 0.9699248120300752
0.9364303178484108 0.9598997493734336
0.9346246973365617 0.9674185463659147
0.9341463414634147 0.9598997493734336
0.9080188679245284 0.9649122807017544
0.9044289044289044 0.9724310776942355
0.9320388349514563 0.9624060150375939
0.935251798561151 0.9774436090225563
0.9354066985645934 0.9799498746867168
0.9287469287469288 0.9473684210526315
0.9090909090909091 0.9523809523809523
0.9150943396226415 0.9724310776942355
0.9447115384615384 0.9849624060150376
0.9121140142517815 0.9624060150375939
0.9362745098039216 0.9573934837092731
0.9463414634146341 0.9724310776942355
0.9375 0.9774436090225563
0.916267942583732 0.9598997493734336
0.9267139479905437 0.9824561403508771
0.9234449760765551 0.9674185463659147
0.9127358490566038 0.9699248120300752
0.9320388349514563 0.9624060150375939
0.9280575539568345 0.9699248120300752
0.9290953545232273 0.9523809523809523
0.9016393442622951 0.9649122807017544
0.9065420560747663 0.9724310776942355
0.9320388349514563 0.9624060150375939
0.9330143540669856 0.9774436090225563
0.9331742243436754 0.9799498746867168
0.9266503667481663 0.949874686716792
0.9026128266033254 0.9523809523809523
0.9088785046728972 0.974937343358396
0.944578313253012 0.9824561403508771
0.9097387173396675 0.9598997493734336
0.927360774818402 0.9598997493734336
0.9391727493917275 0.9674185463659147
0.9376498800959233 0.9799498746867168
0.916267942583732 0.9598997493734336
0.9245283018867925 0.9824561403508771
0.920863309352518 0.9624060150375939
0.9148936170212766 0.9699248120300752
0.9318734793187348 0.9598997493734336
0.9282296650717703 0.9724310776942355
0.9317073170731708 0.9573934837092731
0.9039812646370023 0.9674185463659147
0.9025522041763341 0.974937343358396
0.927536231884058 0.9624060150375939
0.9307875894988067 0.9774436090225563
0.9304556354916067 0.9724310776942355
0.9199029126213593 0.949874686716792
0.900709219858156 0.9548872180451128
0.9107981220657277 0.9724310776942355
0.9448441247002398 0.9874686716791979
0.9073634204275535 0.9573934837092731
0.927536231884058 0.9624060150375939
0.9394673123486683 0.9724310776942355
0.9328537170263789 0.974937343358396
0.9123222748815166 0.9649122807017544
0.9247058823529412 0.9849624060150376
0.9166666666666666 0.9649122807017544
0.9127358490566038 0.9699248120300752
0.927360774818402 0.9598997493734336
0.9216152019002375 0.9724310776942355
0.9292682926829269 0.9548872180451128
0.8995327102803738 0.9649122807017544
0.8981481481481481 0.9724310776942355
0.9186602870813397 0.9624060150375939
0.9285714285714286 0.9774436090225563
0.9265402843601895 0.9799498746867168
0.9197080291970803 0.9473684210526315
0.9009433962264151 0.9573934837092731
0.910377358490566 0.9674185463659147
0.9424460431654677 0.9849624060150376
0.9054373522458629 0.9598997493734336
0.9251207729468599 0.9598997493734336
0.9394673123486683 0.9724310776942355
0.9331742243436754 0.9799498746867168
0.9080188679245284 0.9649122807017544
0.9247058823529412 0.9849624060150376
0.9146919431279621 0.9674185463659147
0.9084507042253521 0.9699248120300752
0.9251207729468599 0.9598997493734336
0.9214285714285714 0.9699248120300752
0.9228915662650602 0.9598997493734336
