1.0 0.9849624060150376
1.0 0.974937343358396
0.9974226804123711 0.9699248120300752
0.9974619289340102 0.9849624060150376
0.9974554707379135 0.9824561403508771
0.9948849104859335 0.974937343358396
0.9923664122137404 0.9774436090225563
0.9924050632911392 0.9824561403508771
0.9949494949494949 0.9874686716791979
0.9974358974358974 0.974937343358396
0.9923664122137404 0.9774436090225563
0.9924050632911392 0.9824561403508771
1.0 0.9849624060150376
0.9974293059125964 0.9724310776942355
0.9974747474747475 0.9899749373433584
0.9974554707379135 0.9824561403508771
0.9949109414758269 0.9799498746867168
0.9949109414758269 0.9799498746867168
0.9949238578680203 0.9824561403508771
0.9974489795918368 0.9799498746867168
1.0 0.9849624060150376
0.9974358974358974 0.974937343358396
0.9974226804123711 0.9699248120300752
0.9974683544303797 0.9874686716791979
0.9924050632911392 0.9824561403508771
0.9923469387755102 0.974937343358396
0.9923664122137404 0.9774436090225563
0.9898734177215189 0.9799498746867168
0.9924433249370277 0.9874686716791979
0.9948586118251928 0.9699248120300752
0.9873417721518988 0.9774436090225563
0.9924050632911392 0.9824561403508771
0.9899497487437185 0.9874686716791979
0.9974424552429667 0.9774436090225563
0.9974747474747475 0.9899749373433584
0.9974619289340102 0.9849624060150376
0.9873737373737373 0.9799498746867168
0.9924050632911392 0.9824561403508771
0.9924242424242424 0.9849624060150376
0.9923857868020305 0.9799498746867168
0.9974683544303797 0.9874686716791979
0.9948849104859335 0.974937343358396
0.9948717948717949 0.9724310776942355
0.9974683544303797 0.9874686716791979
0.98989898989899 0.9824561403508771
0.9949109414758269 0.9799498746867168
0.9873737373737373 0.9799498746867168
0.9874055415617129 0.9824561403508771
0.9899497487437185 0.9874686716791979
0.9923273657289002 0.9724310776942355
0.9873737373737373 0.9799498746867168
0.9898734177215189 0.9799498746867168
0.9899749373433584 0.9899749373433584
0.9923857868020305 0.9799498746867168
0.9949748743718593 0.9924812030075187
0.9949238578680203 0.9824561403508771
0.9824120603015075 0.9799498746867168
0.9898734177215189 0.9799498746867168
0.9924242424242424 0.9849624060150376
0.9873737373737373 0.9799498746867168
0.9974683544303797 0.9874686716791979
0.9948849104859335 0.974937343358396
0.9948717948717949 0.9724310776942355
0.9974619289340102 0.9849624060150376
0.9874055415617129 0.9824561403508771
0.9898477157360406 0.9774436090225563
0.9873417721518988 0.9774436090225563
0.9849246231155779 0.9824561403508771
0.9899497487437185 0.9874686716791979
0.9872448979591837 0.9699248120300752
0.9873417721518988 0.9774436090225563
0.9874055415617129 0.9824561403508771
0.9849624060150376 0.9849624060150376
0.9873417721518988 0.9774436090225563
0.9949494949494949 0.9874686716791979
0.9949238578680203 0.9824561403508771
0.98 0.9824561403508771
0.9873737373737373 0.9799498746867168
0.9874686716791979 0.9874686716791979
0.9824120603015075 0.9799498746867168
0.9949367088607595 0.9849624060150376
0.9923664122137404 0.9774436090225563
0.9948717948717949 0.9724310776942355
0.9949367088607595 0.9849624060150376
0.9848866498740554 0.9799498746867168
0.9898477157360406 0.9774436090225563
0.9848101265822785 0.974937343358396
0.9824561403508771 0.9824561403508771
0.9899749373433584 0.9899749373433584
0.9872448979591837 0.9699248120300752
0.9873417721518988 0.9774436090225563
0.9849624060150376 0.9849624060150376
0.985 0.9874686716791979
0.9798488664987406 0.974937343358396
0.9899749373433584 0.9899749373433584
0.98989898989899 0.9824561403508771
0.9750623441396509 0.9799498746867168
0.9873737373737373 0.9799498746867168
0.985 0.9874686716791979
0.9750623441396509 0.9799498746867168
0.9899244332493703 0.9849624060150376
0.9848866498740554 0.9799498746867168
0.989769820971867 0.9699248120300752
0.9825436408977556 0.9874686716791979
0.9874055415617129 0.9824561403508771
0.9822335025380711 0.9699248120300752
0.9847715736040609 0.9724310776942355
0.9824561403508771 0.9824561403508771
0.9899497487437185 0.9874686716791979
0.979746835443038 0.9699248120300752
0.9848484848484849 0.9774436090225563
0.9776119402985075 0.9849624060150376
0.9800498753117207 0.9849624060150376
0.9750623441396509 0.9799498746867168
0.9801488833746899 0.9899749373433584
0.9874055415617129 0.9824561403508771
0.9750623441396509 0.9799498746867168
0.9873737373737373 0.9799498746867168
0.985 0.9874686716791979
0.972568578553616 0.9774436090225563
0.9849624060150376 0.9849624060150376
0.9848484848484849 0.9774436090225563
0.9872773536895675 0.9724310776942355
0.9825 0.9849624060150376
0.9874055415617129 0.9824561403508771
0.9823232323232324 0.974937343358396
0.9798994974874372 0.9774436090225563
0.9824561403508771 0.9824561403508771
0.9874686716791979 0.9874686716791979
0.9773299748110831 0.9724310776942355
0.982367758186398 0.9774436090225563
0.9702970297029703 0.9824561403508771
0.9800995024875622 0.9874686716791979
0.972568578553616 0.9774436090225563
0.9752475247524752 0.9874686716791979
0.9824561403508771 0.9824561403508771
0.9750623441396509 0.9799498746867168
0.9873417721518988 0.9774436090225563
0.9825436408977556 0.9874686716791979
0.972636815920398 0.9799498746867168
0.9825 0.9849624060150376
0.9848101265822785 0.974937343358396
0.9773869346733668 0.974937343358396
0.9776674937965261 0.9874686716791979
0.9874055415617129 0.9824561403508771
0.9748743718592965 0.9724310776942355
0.9799498746867168 0.9799498746867168
0.98 0.9824561403508771
0.985 0.9874686716791979
0.9748743718592965 0.9724310776942355
0.9824120603015075 0.9799498746867168
0.9702970297029703 0.9824561403508771
0.9776119402985075 0.9849624060150376
0.9701492537313433 0.9774436090225563
0.9657701711491442 0.9899749373433584
0.9776119402985075 0.9849624060150376
0.9654320987654321 0.9799498746867168
0.982367758186398 0.9774436090225563
0.9824561403508771 0.9824561403508771
0.9678217821782178 0.9799498746867168
0.9800498753117207 0.9849624060150376
0.9798488664987406 0.974937343358396
0.9773299748110831 0.9724310776942355
0.9752475247524752 0.9874686716791979
0.9874055415617129 0.9824561403508771
0.975 0.9774436090225563
0.974937343358396 0.974937343358396
0.9799498746867168 0.9799498746867168
0.985 0.9874686716791979
0.9724310776942355 0.9724310776942355
0.9701492537313433 0.9774436090225563
0.9679802955665024 0.9849624060150376
0.9776674937965261 0.9874686716791979
0.9653465346534653 0.9774436090225563
0.9564164648910412 0.9899749373433584
0.9751243781094527 0.9824561403508771
0.9607843137254902 0.9824561403508771
0.9774436090225563 0.9774436090225563
0.9800498753117207 0.9849624060150376
0.9606879606879607 0.9799498746867168
0.9800498753117207 0.9849624060150376
0.974937343358396 0.974937343358396
0.9724310776942355 0.9724310776942355
0.9752475247524752 0.9874686716791979
0.98 0.9824561403508771
0.9725 0.974937343358396
0.9701492537313433 0.9774436090225563
0.9774436090225563 0.9774436090225563
0.9825436408977556 0.9874686716791979
0.9724310776942355 0.9724310776942355
0.967741935483871 0.9774436090225563
0.9679012345679012 0.9824561403508771
0.9752475247524752 0.9874686716791979
0.9629629629629629 0.9774436090225563
0.9588377723970944 0.9924812030075187
0.9750623441396509 0.9799498746867168
0.9562043795620438 0.9849624060150376
0.9750623441396509 0.9799498746867168
0.9776674937965261 0.9874686716791979
0.9559902200488998 0.9799498746867168
0.9800498753117207 0.9849624060150376
0.975 0.9774436090225563
0.9628712871287128 0.974937343358396
0.9727722772277227 0.9849624060150376
0.9775561097256857 0.9824561403508771
0.9725 0.974937343358396
0.9652605459057072 0.974937343358396
0.9727047146401985 0.9824561403508771
0.985 0.9874686716791979
0.9724310776942355 0.9724310776942355
0.9582309582309583 0.9774436090225563
0.9656019656019657 0.9849624060150376
0.9728395061728395 0.9874686716791979
0.9605911330049262 0.9774436090225563
0.9541062801932367 0.9899749373433584
0.9751243781094527 0.9824561403508771
0.9514563106796117 0.9824561403508771
0.9701492537313433 0.9774436090225563
0.9728395061728395 0.9874686716791979
0.9559902200488998 0.9799498746867168
0.9776119402985075 0.9849624060150376
0.970074812967581 0.974937343358396
0.958128078817734 0.974937343358396
0.9728395061728395 0.9874686716791979
0.9775561097256857 0.9824561403508771
0.9750623441396509 0.9799498746867168
0.9627791563275434 0.9724310776942355
0.9702970297029703 0.9824561403508771
0.9776674937965261 0.9874686716791979
0.9723618090452262 0.9699248120300752
0.9629629629629629 0.9774436090225563
0.9632352941176471 0.9849624060150376
0.9680589680589681 0.9874686716791979
0.958128078817734 0.974937343358396
0.9539951573849879 0.9874686716791979
0.9679012345679012 0.9824561403508771
0.9491525423728814 0.9824561403508771
0.972568578553616 0.9774436090225563
0.9704433497536946 0.9874686716791979
0.9559902200488998 0.9799498746867168
0.9727722772277227 0.9849624060150376
0.9725 0.974937343358396
0.9602977667493796 0.9699248120300752
0.9704433497536946 0.9874686716791979
0.9727047146401985 0.9824561403508771
0.9701492537313433 0.9774436090225563
0.9629629629629629 0.9774436090225563
0.967741935483871 0.9774436090225563
0.9752475247524752 0.9874686716791979
0.9699248120300752 0.9699248120300752
0.9583333333333334 0.9799498746867168
0.9632352941176471 0.9849624060150376
0.9610705596107056 0.9899749373433584
0.9582309582309583 0.9774436090225563
0.9495192307692307 0.9899749373433584
0.9702970297029703 0.9824561403508771
0.9421686746987952 0.9799498746867168
0.9701492537313433 0.9774436090225563
0.9680589680589681 0.9874686716791979
0.9558823529411765 0.9774436090225563
0.9704433497536946 0.9874686716791979
0.9676616915422885 0.974937343358396
0.9534313725490197 0.974937343358396
0.9704433497536946 0.9874686716791979
0.9727047146401985 0.9824561403508771
0.9653465346534653 0.9774436090225563
0.9605911330049262 0.9774436090225563
0.9655172413793104 0.9824561403508771
0.9728395061728395 0.9874686716791979
0.9675810473815462 0.9724310776942355
0.9535452322738386 0.9774436090225563
0.9632352941176471 0.9849624060150376
0.9585365853658536 0.9849624060150376
0.9533169533169533 0.9724310776942355
0.9519230769230769 0.9924812030075187
0.9702970297029703 0.9824561403508771
0.9399038461538461 0.9799498746867168
0.9630541871921182 0.9799498746867168
0.9630541871921182 0.9799498746867168
0.9490291262135923 0.9799498746867168
0.9680589680589681 0.9874686716791979
0.9654320987654321 0.9799498746867168
0.9532019704433498 0.9699248120300752
0.9680589680589681 0.9874686716791979
0.9727047146401985 0.9824561403508771
0.9582309582309583 0.9774436090225563
0.9605911330049262 0.9774436090225563
0.9678217821782178 0.9799498746867168
0.9680589680589681 0.9874686716791979
0.9675810473815462 0.9724310776942355
0.9467312348668281 0.9799498746867168
0.9631449631449631 0.9824561403508771
0.9563106796116505 0.9874686716791979
0.9513381995133819 0.9799498746867168
0.9541062801932367 0.9899749373433584
0.967741935483871 0.9774436090225563
0.9421686746987952 0.9799498746867168
0.9607843137254902 0.9824561403508771
0.9585365853658536 0.9849624060150376
0.9467312348668281 0.9799498746867168
0.9656019656019657 0.9849624060150376
0.9628712871287128 0.974937343358396
0.9533169533169533 0.9724310776942355
0.9586374695863747 0.9874686716791979
0.9702970297029703 0.9824561403508771
0.9534313725490197 0.974937343358396
0.9602977667493796 0.9699248120300752
0.9584352078239609 0.9824561403508771
0.9633251833740831 0.9874686716791979
0.97 0.9724310776942355
0.948905109489051 0.9774436090225563
0.9607843137254902 0.9824561403508771
0.9515738498789347 0.9849624060150376
0.9464720194647201 0.974937343358396
0.9449760765550239 0.9899749373433584
0.9655172413793104 0.9824561403508771
0.9421686746987952 0.9799498746867168
0.9606879606879607 0.9799498746867168
0.9562043795620438 0.9849624060150376
0.9421686746987952 0.9799498746867168
0.9656019656019657 0.9849624060150376
0.9628712871287128 0.974937343358396
0.9484029484029484 0.9674185463659147
0.9562043795620438 0.9849624060150376
0.9632352941176471 0.9849624060150376
0.9490291262135923 0.9799498746867168
0.958128078817734 0.974937343358396
0.9559902200488998 0.9799498746867168
0.9587378640776699 0.9899749373433584
0.9675 0.9699248120300752
0.948905109489051 0.9774436090225563
0.9585365853658536 0.9849624060150376
0.9493975903614458 0.9874686716791979
0.9441747572815534 0.974937343358396
0.9425837320574163 0.9874686716791979
0.9607843137254902 0.9824561403508771
0.937799043062201 0.9824561403508771
0.9583333333333334 0.9799498746867168
0.9585365853658536 0.9849624060150376
0.9354066985645934 0.9799498746867168
0.9585365853658536 0.9849624060150376
0.958128078817734 0.974937343358396
0.9439024390243902 0.9699248120300752
0.9563106796116505 0.9874686716791979
0.9607843137254902 0.9824561403508771
0.9513381995133819 0.9799498746867168
0.9557739557739557 0.974937343358396
0.9513381995133819 0.9799498746867168
0.9609756097560975 0.9874686716791979
0.9603960396039604 0.9724310776942355
0.9466019417475728 0.9774436090225563
0.9537712895377128 0.9824561403508771
0.9471153846153846 0.9874686716791979
0.9418886198547215 0.974937343358396
0.9428571428571428 0.9924812030075187
0.9583333333333334 0.9799498746867168
0.9354066985645934 0.9799498746867168
0.9559902200488998 0.9799498746867168
0.9562043795620438 0.9849624060150376
0.9354066985645934 0.9799498746867168
0.9585365853658536 0.9849624060150376
0.9582309582309583 0.9774436090225563
0.9418886198547215 0.974937343358396
0.9516908212560387 0.9874686716791979
0.9632352941176471 0.9849624060150376
0.9441747572815534 0.974937343358396
0.9555555555555556 0.9699248120300752
0.9468599033816425 0.9824561403508771
0.9609756097560975 0.9874686716791979
0.9580246913580247 0.9724310776942355
0.9443099273607748 0.9774436090225563
0.9425837320574163 0.9874686716791979
0.9404761904761905 0.9899749373433584
0.9397590361445783 0.9774436090225563
0.9382422802850356 0.9899749373433584
0.9583333333333334 0.9799498746867168
0.9267139479905437 0.9824561403508771
0.9536585365853658 0.9799498746867168
0.9492753623188406 0.9849624060150376
0.9331742243436754 0.9799498746867168
0.946987951807229 0.9849624060150376
0.9441747572815534 0.974937343358396
0.9396135265700483 0.974937343358396
0.9448441247002398 0.9874686716791979
0.9560975609756097 0.9824561403508771
0.9373493975903614 0.974937343358396
0.941747572815534 0.9724310776942355
0.9421686746987952 0.9799498746867168
0.9539951573849879 0.9874686716791979
0.9580246913580247 0.9724310776942355
0.9375 0.9774436090225563
0.9424460431654677 0.9849624060150376
0.9403341288782816 0.9874686716791979
0.9373493975903614 0.974937343358396
0.9316037735849056 0.9899749373433584
0.9537712895377128 0.9824561403508771
0.9243498817966903 0.9799498746867168
0.9467312348668281 0.9799498746867168
0.9471153846153846 0.9874686716791979
0.9287410926365796 0.9799498746867168
0.946987951807229 0.9849624060150376
0.9443099273607748 0.9774436090225563
0.9371980676328503 0.9724310776942355
0.9425837320574163 0.9874686716791979
0.9468599033816425 0.9824561403508771
0.9330143540669856 0.9774436090225563
0.9394673123486683 0.9724310776942355
0.9400479616306955 0.9824561403508771
0.9539951573849879 0.9874686716791979
0.9555555555555556 0.9699248120300752
0.9330143540669856 0.9774436090225563
0.944578313253012 0.9824561403508771
0.9380952380952381 0.9874686716791979
0.9375 0.9774436090225563
0.9270588235294117 0.9874686716791979
0.9536585365853658 0.9799498746867168
0.92 0.9799498746867168
0.9420289855072463 0.9774436090225563
0.9447115384615384 0.9849624060150376
0.9265402843601895 0.9799498746867168
0.9424460431654677 0.9849624060150376
0.9396135265700483 0.974937343358396
0.9393203883495146 0.9699248120300752
0.9425837320574163 0.9874686716791979
0.9468599033816425 0.9824561403508771
0.9354066985645934 0.9799498746867168
0.9397590361445783 0.9774436090225563
0.9423076923076923 0.9824561403508771
0.9518072289156626 0.9899749373433584
0.9533169533169533 0.9724310776942355
0.9285714285714286 0.9774436090225563
0.9423076923076923 0.9824561403508771
0.933649289099526 0.9874686716791979
0.9328537170263789 0.974937343358396
0.9248826291079812 0.9874686716791979
0.9491525423728814 0.9824561403508771
0.92018779342723 0.9824561403508771
0.9376498800959233 0.9799498746867168
0.9333333333333333 0.9824561403508771
0.9243498817966903 0.9799498746867168
0.9424460431654677 0.9849624060150376
0.9420289855072463 0.9774436090225563
0.9325301204819277 0.9699248120300752
0.9425837320574163 0.9874686716791979
0.9423076923076923 0.9824561403508771
0.9350961538461539 0.974937343358396
0.9350961538461539 0.974937343358396
0.9423076923076923 0.9824561403508771
0.947242206235012 0.9899749373433584
0.9462102689486552 0.9699248120300752
0.9198113207547169 0.9774436090225563
0.9376498800959233 0.9799498746867168
0.9292452830188679 0.9874686716791979
0.9285714285714286 0.9774436090225563
0.9250585480093677 0.9899749373433584
0.9514563106796117 0.9824561403508771
0.9137529137529138 0.9824561403508771
0.9399038461538461 0.9799498746867168
0.9314420803782506 0.9874686716791979
0.9243498817966903 0.9799498746867168
0.9379474940334129 0.9849624060150376
0.9396135265700483 0.974937343358396
0.930622009569378 0.974937343358396
0.9403341288782816 0.9874686716791979
0.9400479616306955 0.9824561403508771
0.9330143540669856 0.9774436090225563
0.9330143540669856 0.9774436090225563
0.9399038461538461 0.9799498746867168
0.9425837320574163 0.9874686716791979
0.9463414634146341 0.9724310776942355
0.9154929577464789 0.9774436090225563
0.9311163895486936 0.9824561403508771
0.9272300469483568 0.9899749373433584
0.930622009569378 0.974937343358396
0.9228971962616822 0.9899749373433584
0.9444444444444444 0.9799498746867168
0.9095127610208816 0.9824561403508771
0.9330143540669856 0.9774436090225563
0.9290780141843972 0.9849624060150376
0.9221698113207547 0.9799498746867168
0.9379474940334129 0.9849624060150376
0.9396135265700483 0.974937343358396
0.9325301204819277 0.9699248120300752
0.9316037735849056 0.9899749373433584
0.9400479616306955 0.9824561403508771
0.9328537170263789 0.974937343358396
0.9243498817966903 0.9799498746867168
0.9354066985645934 0.9799498746867168
0.9380952380952381 0.9874686716791979
0.9394673123486683 0.9724310776942355
0.9154929577464789 0.9774436090225563
0.9267139479905437 0.9824561403508771
0.9292452830188679 0.9874686716791979
0.9263657957244655 0.9774436090225563
0.9184149184149184 0.9874686716791979
0.944578313253012 0.9824561403508771
0.9074074074074074 0.9824561403508771
0.9263657957244655 0.9774436090225563
0.9267139479905437 0.9824561403508771
0.9178403755868545 0.9799498746867168
0.933649289099526 0.9874686716791979
0.9397590361445783 0.9774436090225563
0.9260143198090692 0.9724310776942355
0.9290780141843972 0.9849624060150376
0.9376498800959233 0.9799498746867168
0.9258373205741627 0.9699248120300752
0.9218009478672986 0.974937343358396
0.9287410926365796 0.9799498746867168
0.9358669833729216 0.9874686716791979
0.9302884615384616 0.9699248120300752
0.9154929577464789 0.9774436090225563
0.9247058823529412 0.9849624060150376
0.9270588235294117 0.9874686716791979
0.9241706161137441 0.9774436090225563
0.9143518518518519 0.9899749373433584
0.9400479616306955 0.9824561403508771
0.9071925754060325 0.9799498746867168
0.9263657957244655 0.9774436090225563
0.9182242990654206 0.9849624060150376
0.9093023255813953 0.9799498746867168
0.9357142857142857 0.9849624060150376
0.9350961538461539 0.974937343358396
0.919431279620853 0.9724310776942355
0.9270588235294117 0.9874686716791979
0.9355608591885441 0.9824561403508771
0.9241706161137441 0.9774436090225563
0.9196217494089834 0.974937343358396
0.9245283018867925 0.9824561403508771
0.9314420803782506 0.9874686716791979
0.9236276849642004 0.9699248120300752
0.9135514018691588 0.9799498746867168
0.9223529411764706 0.9824561403508771
0.9227166276346604 0.9874686716791979
0.9241706161137441 0.9774436090225563
0.9101382488479263 0.9899749373433584
0.9355608591885441 0.9824561403508771
0.9030023094688222 0.9799498746867168
0.9198113207547169 0.9774436090225563
0.92018779342723 0.9824561403508771
0.9093023255813953 0.9799498746867168
0.9334916864608076 0.9849624060150376
0.9284009546539379 0.974937343358396
0.9196217494089834 0.974937343358396
0.9247058823529412 0.9849624060150376
0.9311163895486936 0.9824561403508771
0.9196217494089834 0.974937343358396
0.9154929577464789 0.9774436090225563
0.9223529411764706 0.9824561403508771
0.9248826291079812 0.9874686716791979
0.9234449760765551 0.9674185463659147
0.9069767441860465 0.9774436090225563
0.9245283018867925 0.9824561403508771
0.9162790697674419 0.9874686716791979
0.9219858156028369 0.9774436090225563
0.9059633027522935 0.9899749373433584
0.930952380952381 0.9799498746867168
0.9071925754060325 0.9799498746867168
0.9176470588235294 0.9774436090225563
0.913953488372093 0.9849624060150376
0.9114219114219114 0.9799498746867168
0.9312796208530806 0.9849624060150376
0.9261904761904762 0.974937343358396
0.9170616113744076 0.9699248120300752
0.9247058823529412 0.9849624060150376
0.9268867924528302 0.9849624060150376
0.91725768321513 0.9724310776942355
0.9154929577464789 0.9774436090225563
0.9223529411764706 0.9824561403508771
0.9228971962616822 0.9899749373433584
0.9236276849642004 0.9699248120300752
0.9006928406466512 0.9774436090225563
0.9203747072599532 0.9849624060150376
0.9162790697674419 0.9874686716791979
0.9156908665105387 0.9799498746867168
0.9038901601830663 0.9899749373433584
0.930952380952381 0.9799498746867168
0.9011494252873563 0.9824561403508771
0.9156908665105387 0.9799498746867168
0.9162790697674419 0.9874686716791979
0.9030023094688222 0.9799498746867168
0.9290780141843972 0.9849624060150376
0.9221698113207547 0.9799498746867168
0.91725768321513 0.9724310776942355
0.9205607476635514 0.9874686716791979
0.9180327868852459 0.9824561403508771
0.9174528301886793 0.974937343358396
0.9131455399061033 0.974937343358396
0.9221698113207547 0.9799498746867168
0.91415313225058 0.9874686716791979
0.9216152019002375 0.9724310776942355
0.896551724137931 0.9774436090225563
0.916083916083916 0.9849624060150376
0.91415313225058 0.9874686716791979
0.9112149532710281 0.9774436090225563
0.9018264840182648 0.9899749373433584
0.9289099526066351 0.9824561403508771
0.9032258064516129 0.9824561403508771
0.92 0.9799498746867168
0.9118329466357309 0.9849624060150376
0.9009216589861752 0.9799498746867168
