0.9974811083123426 0.9924812030075187
0.9873737373737373 0.9799498746867168
0.9974747474747475 0.9899749373433584
0.9974747474747475 0.9899749373433584
0.9974811083123426 0.9924812030075187
1.0 0.9899749373433584
0.98989898989899 0.9824561403508771
0.9974683544303797 0.9874686716791979
0.9974811083123426 0.9924812030075187
0.9974619289340102 0.9849624060150376
0.9949494949494949 0.9874686716791979
0.9949494949494949 0.9874686716791979
0.9949748743718593 0.9924812030075187
0.9974683544303797 0.9874686716791979
0.9949748743718593 0.9924812030075187
1.0 0.9899749373433584
1.0 0.9849624060150376
0.9949238578680203 0.9824561403508771
1.0 0.9874686716791979
0.9949367088607595 0.9849624060150376
0.9974811083123426 0.9924812030075187
0.9873737373737373 0.9799498746867168
0.992462311557789 0.9899749373433584
0.9875311720698254 0.9924812030075187
0.9875 0.9899749373433584
1.0 0.9874686716791979
0.9775561097256857 0.9824561403508771
0.9874371859296482 0.9849624060150376
0.9974811083123426 0.9924812030075187
0.9898734177215189 0.9799498746867168
0.9899497487437185 0.9874686716791979
0.9899749373433584 0.9899749373433584
0.9924433249370277 0.9874686716791979
0.9974683544303797 0.9874686716791979
0.9875311720698254 0.9924812030075187
1.0 0.9899749373433584
0.9974683544303797 0.9874686716791979
0.9874055415617129 0.9824561403508771
1.0 0.9874686716791979
0.9924242424242424 0.9849624060150376
0.99 0.9924812030075187
0.9824120603015075 0.9799498746867168
0.9874686716791979 0.9874686716791979
0.9825870646766169 0.9899749373433584
0.9850746268656716 0.9924812030075187
0.9974811083123426 0.9924812030075187
0.9703703703703703 0.9849624060150376
0.9874686716791979 0.9874686716791979
0.9974874371859297 0.9949874686716792
0.9898734177215189 0.9799498746867168
0.9899497487437185 0.9874686716791979
0.9874686716791979 0.9874686716791979
0.9875 0.9899749373433584
0.992462311557789 0.9899749373433584
0.9826302729528535 0.9924812030075187
0.9949622166246851 0.9899749373433584
0.9924433249370277 0.9874686716791979
0.9775561097256857 0.9824561403508771
0.9974619289340102 0.9849624060150376
0.9849624060150376 0.9849624060150376
0.99 0.9924812030075187
0.9873737373737373 0.9799498746867168
0.9875 0.9899749373433584
0.9777227722772277 0.9899749373433584
0.9801980198019802 0.9924812030075187
0.9949622166246851 0.9899749373433584
0.9702970297029703 0.9824561403508771
0.9874686716791979 0.9874686716791979
0.9974811083123426 0.9924812030075187
0.9824120603015075 0.9799498746867168
0.9875 0.9899749373433584
0.9874686716791979 0.9874686716791979
0.9825870646766169 0.9899749373433584
0.9924812030075187 0.9924812030075187
0.9777777777777777 0.9924812030075187
0.9949622166246851 0.9899749373433584
0.9899497487437185 0.9874686716791979
0.9727047146401985 0.9824561403508771
0.9974683544303797 0.9874686716791979
0.9776119402985075 0.9849624060150376
0.9875311720698254 0.9924812030075187
0.9799498746867168 0.9799498746867168
0.9801488833746899 0.9899749373433584
0.9777227722772277 0.9899749373433584
0.9753694581280788 0.9924812030075187
0.9974683544303797 0.9874686716791979
0.9702233250620348 0.9799498746867168
0.9825436408977556 0.9874686716791979
0.9924812030075187 0.9924812030075187
0.9775561097256857 0.9824561403508771
0.9875 0.9899749373433584
0.9825436408977556 0.9874686716791979
0.9825870646766169 0.9899749373433584
0.9777777777777777 0.9924812030075187
0.9753694581280788 0.9924812030075187
0.9899749373433584 0.9899749373433584
0.9899244332493703 0.9849624060150376
0.9702970297029703 0.9824561403508771
0.9974747474747475 0.9899749373433584
0.9775561097256857 0.9824561403508771
0.9850746268656716 0.9924812030075187
0.9799498746867168 0.9799498746867168
0.9800995024875622 0.9874686716791979
0.9753694581280788 0.9924812030075187
0.9635036496350365 0.9924812030075187
0.992462311557789 0.9899749373433584
0.9702970297029703 0.9824561403508771
0.9800995024875622 0.9874686716791979
0.9924812030075187 0.9924812030075187
0.9679012345679012 0.9824561403508771
0.9776674937965261 0.9874686716791979
0.9825870646766169 0.9899749373433584
0.9753086419753086 0.9899749373433584
0.9680589680589681 0.9874686716791979
0.9705882352941176 0.9924812030075187
0.992462311557789 0.9899749373433584
0.9849624060150376 0.9849624060150376
0.9584352078239609 0.9824561403508771
0.9924433249370277 0.9874686716791979
0.9775561097256857 0.9824561403508771
0.9800995024875622 0.9874686716791979
0.9775 0.9799498746867168
0.9729064039408867 0.9899749373433584
0.9729064039408867 0.9899749373433584
0.9541062801932367 0.9899749373433584
0.9875 0.9899749373433584
0.9702970297029703 0.9824561403508771
0.9752475247524752 0.9874686716791979
0.99 0.9924812030075187
0.9679802955665024 0.9849624060150376
0.9801980198019802 0.9924812030075187
0.9800995024875622 0.9874686716791979
0.9658536585365853 0.9924812030075187
0.9657701711491442 0.9899749373433584
0.9658536585365853 0.9924812030075187
0.992462311557789 0.9899749373433584
0.9825 0.9849624060150376
0.9607843137254902 0.9824561403508771
0.9899497487437185 0.9874686716791979
0.9727722772277227 0.9849624060150376
0.9753086419753086 0.9899749373433584
0.9775561097256857 0.9824561403508771
0.9656862745098039 0.9874686716791979
0.9681372549019608 0.9899749373433584
0.9518072289156626 0.9899749373433584
0.9850374064837906 0.9899749373433584
0.9678217821782178 0.9799498746867168
0.9704433497536946 0.9874686716791979
0.9850746268656716 0.9924812030075187
0.9679012345679012 0.9824561403508771
0.9801488833746899 0.9899749373433584
0.9704433497536946 0.9874686716791979
0.9611650485436893 0.9924812030075187
0.9611650485436893 0.9924812030075187
0.9611650485436893 0.9924812030075187
0.9899749373433584 0.9899749373433584
0.9800995024875622 0.9874686716791979
0.9560975609756097 0.9824561403508771
0.985 0.9874686716791979
0.9703703703703703 0.9849624060150376
0.9705882352941176 0.9924812030075187
0.9775 0.9799498746867168
0.9634146341463414 0.9899749373433584
0.9658536585365853 0.9924812030075187
0.947242206235012 0.9899749373433584
0.9825870646766169 0.9899749373433584
0.960880195599022 0.9849624060150376
0.9704433497536946 0.9874686716791979
0.9801980198019802 0.9924812030075187
0.9631449631449631 0.9824561403508771
0.9753694581280788 0.9924812030075187
0.9680589680589681 0.9874686716791979
0.9519230769230769 0.9924812030075187
0.9542168674698795 0.9924812030075187
0.9565217391304348 0.9924812030075187
0.9850374064837906 0.9899749373433584
0.9776119402985075 0.9849624060150376
0.9514563106796117 0.9824561403508771
0.9800498753117207 0.9849624060150376
0.9702970297029703 0.9824561403508771
0.9729064039408867 0.9899749373433584
0.9750623441396509 0.9799498746867168
0.9610705596107056 0.9899749373433584
0.9635036496350365 0.9924812030075187
0.9380952380952381 0.9874686716791979
0.9777227722772277 0.9899749373433584
0.9631449631449631 0.9824561403508771
0.9633251833740831 0.9874686716791979
0.9753694581280788 0.9924812030075187
0.9607843137254902 0.9824561403508771
0.9753086419753086 0.9899749373433584
0.9587378640776699 0.9899749373433584
0.9495192307692307 0.9899749373433584
0.9518072289156626 0.9899749373433584
0.9519230769230769 0.9924812030075187
0.9777227722772277 0.9899749373433584
0.9752475247524752 0.9874686716791979
0.9468599033816425 0.9824561403508771
0.9728395061728395 0.9874686716791979
0.9584352078239609 0.9824561403508771
0.9682151589242054 0.9924812030075187
0.9750623441396509 0.9799498746867168
0.9610705596107056 0.9899749373433584
0.9611650485436893 0.9924812030075187
0.9317647058823529 0.9924812030075187
0.9705159705159705 0.9899749373433584
0.9583333333333334 0.9799498746867168
0.9585365853658536 0.9849624060150376
0.9682151589242054 0.9924812030075187
0.9560975609756097 0.9824561403508771
0.9753086419753086 0.9899749373433584
0.9563106796116505 0.9874686716791979
0.9495192307692307 0.9899749373433584
0.9516908212560387 0.9874686716791979
0.9473684210526315 0.9924812030075187
0.9753086419753086 0.9899749373433584
0.9704433497536946 0.9874686716791979
0.9400479616306955 0.9824561403508771
0.9705159705159705 0.9899749373433584
0.9562043795620438 0.9849624060150376
0.9682151589242054 0.9924812030075187
0.972636815920398 0.9799498746867168
0.9541062801932367 0.9899749373433584
0.9541062801932367 0.9899749373433584
0.9294117647058824 0.9899749373433584
0.9681372549019608 0.9899749373433584
0.9607843137254902 0.9824561403508771
0.9563106796116505 0.9874686716791979
0.9681372549019608 0.9899749373433584
0.9583333333333334 0.9799498746867168
0.9777777777777777 0.9924812030075187
0.9515738498789347 0.9849624060150376
0.9403341288782816 0.9874686716791979
0.9495192307692307 0.9899749373433584
0.9428571428571428 0.9924812030075187
0.9681372549019608 0.9899749373433584
0.9633251833740831 0.9874686716791979
0.9400479616306955 0.9824561403508771
0.9656862745098039 0.9874686716791979
0.9492753623188406 0.9849624060150376
0.9658536585365853 0.9924812030075187
0.9703703703703703 0.9849624060150376
0.9518072289156626 0.9899749373433584
0.9449760765550239 0.9899749373433584
0.927400468384075 0.9924812030075187
0.9681372549019608 0.9899749373433584
0.9562043795620438 0.9849624060150376
0.9539951573849879 0.9874686716791979
0.9635036496350365 0.9924812030075187
0.9536585365853658 0.9799498746867168
0.9777777777777777 0.9924812030075187
0.9471153846153846 0.9874686716791979
0.9380952380952381 0.9874686716791979
0.9427207637231504 0.9899749373433584
0.9361702127659575 0.9924812030075187
0.9681372549019608 0.9899749373433584
0.9538834951456311 0.9849624060150376
0.9400479616306955 0.9824561403508771
0.9633251833740831 0.9874686716791979
0.9423076923076923 0.9824561403508771
0.9635036496350365 0.9924812030075187
0.9678217821782178 0.9799498746867168
0.9518072289156626 0.9899749373433584
0.9404761904761905 0.9899749373433584
0.9186046511627907 0.9899749373433584
0.9632352941176471 0.9849624060150376
0.9537712895377128 0.9824561403508771
0.9539951573849879 0.9874686716791979
0.9611650485436893 0.9924812030075187
0.9513381995133819 0.9799498746867168
0.9730392156862745 0.9949874686716792
0.9403341288782816 0.9874686716791979
0.933806146572104 0.9899749373433584
0.9385342789598109 0.9949874686716792
0.9339622641509434 0.9924812030075187
0.9634146341463414 0.9899749373433584
0.9538834951456311 0.9849624060150376
0.9333333333333333 0.9824561403508771
0.9609756097560975 0.9874686716791979
0.944578313253012 0.9824561403508771
0.9542168674698795 0.9924812030075187
0.9655172413793104 0.9824561403508771
0.9425837320574163 0.9874686716791979
0.933806146572104 0.9899749373433584
0.9228971962616822 0.9899749373433584
0.9586374695863747 0.9874686716791979
0.9513381995133819 0.9799498746867168
0.9493975903614458 0.9874686716791979
0.9588377723970944 0.9924812030075187
0.946987951807229 0.9849624060150376
0.972972972972973 0.9924812030075187
0.9357142857142857 0.9849624060150376
0.9360189573459715 0.9899749373433584
0.9383886255924171 0.9924812030075187
0.9295774647887324 0.9924812030075187
0.9610705596107056 0.9899749373433584
0.9538834951456311 0.9849624060150376
0.9267139479905437 0.9824561403508771
0.9586374695863747 0.9874686716791979
0.9355608591885441 0.9824561403508771
0.9496402877697842 0.9924812030075187
0.9559902200488998 0.9799498746867168
0.9427207637231504 0.9899749373433584
0.9252336448598131 0.9924812030075187
0.9101382488479263 0.9899749373433584
0.9565217391304348 0.9924812030075187
0.9423076923076923 0.9824561403508771
0.9493975903614458 0.9874686716791979
0.9473684210526315 0.9924812030075187
0.9421686746987952 0.9799498746867168
0.9610705596107056 0.9899749373433584
0.9316037735849056 0.9899749373433584
0.9360189573459715 0.9899749373433584
0.9382422802850356 0.9899749373433584
0.927400468384075 0.9924812030075187
0.9541062801932367 0.9899749373433584
0.9493975903614458 0.9874686716791979
0.9312796208530806 0.9849624060150376
0.9539951573849879 0.9874686716791979
0.9290780141843972 0.9849624060150376
0.9518072289156626 0.9899749373433584
0.9537712895377128 0.9824561403508771
0.9404761904761905 0.9899749373433584
0.9230769230769231 0.9924812030075187
0.9099307159353349 0.9874686716791979
0.9493975903614458 0.9874686716791979
0.9421686746987952 0.9799498746867168
0.9516908212560387 0.9874686716791979
0.9519230769230769 0.9924812030075187
0.9379474940334129 0.9849624060150376
0.9519230769230769 0.9924812030075187
0.9268867924528302 0.9849624060150376
0.9250585480093677 0.9899749373433584
0.9341176470588235 0.9949874686716792
0.9317647058823529 0.9924812030075187
0.9518072289156626 0.9899749373433584
0.9493975903614458 0.9874686716791979
0.9245283018867925 0.9824561403508771
0.9492753623188406 0.9849624060150376
0.9312796208530806 0.9849624060150376
0.9473684210526315 0.9924812030075187
0.9468599033816425 0.9824561403508771
0.9339622641509434 0.9924812030075187
0.9103448275862069 0.9924812030075187
0.9038901601830663 0.9899749373433584
0.9451073985680191 0.9924812030075187
0.9401913875598086 0.9849624060150376
0.9471153846153846 0.9874686716791979
0.9406175771971497 0.9924812030075187
0.9331742243436754 0.9799498746867168
0.9495192307692307 0.9899749373433584
0.9205607476635514 0.9874686716791979
0.9228971962616822 0.9899749373433584
0.9314420803782506 0.9874686716791979
0.927400468384075 0.9924812030075187
0.947242206235012 0.9899749373433584
0.9403341288782816 0.9874686716791979
0.92018779342723 0.9824561403508771
0.9493975903614458 0.9874686716791979
0.9268867924528302 0.9849624060150376
0.9451073985680191 0.9924812030075187
0.9399038461538461 0.9799498746867168
0.9294117647058824 0.9899749373433584
0.9038901601830663 0.9899749373433584
0.8977272727272727 0.9899749373433584
0.9403341288782816 0.9874686716791979
0.9333333333333333 0.9824561403508771
0.9425837320574163 0.9874686716791979
0.9361702127659575 0.9924812030075187
0.9268867924528302 0.9849624060150376
0.9473684210526315 0.9924812030075187
0.9118329466357309 0.9849624060150376
0.9207459207459208 0.9899749373433584
0.931924882629108 0.9949874686716792
0.9252336448598131 0.9924812030075187
0.9427207637231504 0.9899749373433584
0.9380952380952381 0.9874686716791979
0.92018779342723 0.9824561403508771
0.9448441247002398 0.9874686716791979
0.9245283018867925 0.9824561403508771
0.9382422802850356 0.9899749373433584
0.9399038461538461 0.9799498746867168
0.9184149184149184 0.9874686716791979
0.9059633027522935 0.9899749373433584
0.8939051918735892 0.9924812030075187
0.933649289099526 0.9874686716791979
0.9307875894988067 0.9774436090225563
0.9380952380952381 0.9874686716791979
0.927400468384075 0.9924812030075187
0.9221698113207547 0.9799498746867168
0.9404761904761905 0.9899749373433584
0.9099307159353349 0.9874686716791979
0.9166666666666666 0.9924812030075187
0.9316037735849056 0.9899749373433584
0.927400468384075 0.9924812030075187
0.9404761904761905 0.9899749373433584
0.9355608591885441 0.9824561403508771
0.9180327868852459 0.9824561403508771
0.9449760765550239 0.9899749373433584
0.9203747072599532 0.9849624060150376
0.9406175771971497 0.9924812030075187
0.937799043062201 0.9824561403508771
0.9186046511627907 0.9899749373433584
0.8997722095671982 0.9899749373433584
0.8959276018099548 0.9924812030075187
0.9317647058823529 0.9924812030075187
0.9312796208530806 0.9849624060150376
0.9380952380952381 0.9874686716791979
0.9317647058823529 0.9924812030075187
0.9223529411764706 0.9824561403508771
0.9404761904761905 0.9899749373433584
0.9078341013824884 0.9874686716791979
0.9143518518518519 0.9899749373433584
0.9272300469483568 0.9899749373433584
0.9209302325581395 0.9924812030075187
0.9427207637231504 0.9899749373433584
0.9358669833729216 0.9874686716791979
0.913953488372093 0.9849624060150376
0.9358669833729216 0.9874686716791979
0.9158878504672897 0.9824561403508771
0.9383886255924171 0.9924812030075187
0.9421686746987952 0.9799498746867168
0.9186046511627907 0.9899749373433584
0.8979591836734694 0.9924812030075187
0.8878923766816144 0.9924812030075187
0.9292452830188679 0.9874686716791979
0.9287410926365796 0.9799498746867168
0.9314420803782506 0.9874686716791979
0.9252336448598131 0.9924812030075187
0.9182242990654206 0.9849624060150376
0.9380952380952381 0.9874686716791979
0.8954545454545455 0.9874686716791979
0.9143518518518519 0.9899749373433584
0.9252336448598131 0.9924812030075187
0.9166666666666666 0.9924812030075187
0.9316037735849056 0.9899749373433584
0.9358669833729216 0.9874686716791979
0.9053117782909931 0.9824561403508771
0.9292452830188679 0.9874686716791979
0.9137529137529138 0.9824561403508771
0.9406175771971497 0.9924812030075187
0.9355608591885441 0.9824561403508771
0.9122401847575058 0.9899749373433584
0.8956916099773242 0.9899749373433584
0.8878923766816144 0.9924812030075187
0.9297423887587822 0.9949874686716792
0.9287410926365796 0.9799498746867168
0.9270588235294117 0.9874686716791979
0.9209302325581395 0.9924812030075187
0.9158878504672897 0.9824561403508771
0.9317647058823529 0.9924812030075187
0.8914027149321267 0.9874686716791979
0.9101382488479263 0.9899749373433584
0.9164733178654292 0.9899749373433584
0.9145496535796767 0.9924812030075187
0.9207459207459208 0.9899749373433584
0.9334916864608076 0.9849624060150376
0.9011494252873563 0.9824561403508771
0.9270588235294117 0.9874686716791979
0.9076212471131639 0.9849624060150376
0.9316037735849056 0.9899749373433584
0.9331742243436754 0.9799498746867168
0.9103448275862069 0.9924812030075187
0.8896396396396397 0.9899749373433584
0.8839285714285714 0.9924812030075187
0.9248826291079812 0.9874686716791979
0.9289099526066351 0.9824561403508771
0.9205607476635514 0.9874686716791979
0.9166666666666666 0.9924812030075187
0.916083916083916 0.9849624060150376
0.9294117647058824 0.9899749373433584
0.8896396396396397 0.9899749373433584
0.9080459770114943 0.9899749373433584
0.9118329466357309 0.9849624060150376
0.9061784897025171 0.9924812030075187
0.9186046511627907 0.9899749373433584
0.9225352112676056 0.9849624060150376
0.897025171624714 0.9824561403508771
0.9270588235294117 0.9874686716791979
0.9055299539170507 0.9849624060150376
0.9339622641509434 0.9924812030075187
0.930952380952381 0.9799498746867168
0.9080459770114943 0.9899749373433584
0.8896396396396397 0.9899749373433584
0.8819599109131403 0.9924812030075187
0.9209302325581395 0.9924812030075187
0.92 0.9799498746867168
0.9182242990654206 0.9849624060150376
0.908256880733945 0.9924812030075187
0.9076212471131639 0.9849624060150376
0.9189814814814815 0.9949874686716792
0.8834080717488789 0.9874686716791979
0.9080459770114943 0.9899749373433584
0.9078341013824884 0.9874686716791979
0.9103448275862069 0.9924812030075187
0.9122401847575058 0.9899749373433584
0.9205607476635514 0.9874686716791979
0.897025171624714 0.9824561403508771
0.9205607476635514 0.9874686716791979
0.9053117782909931 0.9824561403508771
0.9383886255924171 0.9924812030075187
0.9265402843601895 0.9799498746867168
0.9059633027522935 0.9899749373433584
0.8856502242152466 0.9899749373433584
0.8819599109131403 0.9924812030075187
0.9166666666666666 0.9924812030075187
0.9203747072599532 0.9849624060150376
0.9162790697674419 0.9874686716791979
0.908256880733945 0.9924812030075187
0.9093023255813953 0.9799498746867168
0.9145496535796767 0.9924812030075187
0.8814317673378076 0.9874686716791979
0.9018264840182648 0.9899749373433584
0.903448275862069 0.9849624060150376
0.9124423963133641 0.9924812030075187
0.9186046511627907 0.9899749373433584
0.9120370370370371 0.9874686716791979
0.8952164009111617 0.9849624060150376
0.9162790697674419 0.9874686716791979
0.8972602739726028 0.9849624060150376
0.9252336448598131 0.9924812030075187
0.9267139479905437 0.9824561403508771
0.9059633027522935 0.9899749373433584
0.8896396396396397 0.9899749373433584
0.8738938053097345 0.9899749373433584
0.9187935034802784 0.9924812030075187
0.9156908665105387 0.9799498746867168
0.9118329466357309 0.9849624060150376
0.9020501138952164 0.9924812030075187
0.9074074074074074 0.9824561403508771
0.9124423963133641 0.9924812030075187
0.8775055679287305 0.9874686716791979
0.8956916099773242 0.9899749373433584
0.9020501138952164 0.9924812030075187
0.9061784897025171 0.9924812030075187
0.9080459770114943 0.9899749373433584
0.9078341013824884 0.9874686716791979
0.8891402714932126 0.9849624060150376
0.9184149184149184 0.9874686716791979
0.8949771689497716 0.9824561403508771
0.9294117647058824 0.9899749373433584
0.9287410926365796 0.9799498746867168
0.9016018306636155 0.9874686716791979
0.8898876404494382 0.9924812030075187
0.8700440528634361 0.9899749373433584
0.91415313225058 0.9874686716791979
0.9158878504672897 0.9824561403508771
0.9099307159353349 0.9874686716791979
0.9061784897025171 0.9924812030075187
0.9009216589861752 0.9799498746867168
0.9124423963133641 0.9924812030075187
0.8716814159292036 0.9874686716791979
0.8956916099773242 0.9899749373433584
0.8959276018099548 0.9924812030075187
0.9061784897025171 0.9924812030075187
0.9101382488479263 0.9899749373433584
0.9078341013824884 0.9874686716791979
0.8848758465011287 0.9824561403508771
0.91415313225058 0.9874686716791979
0.891156462585034 0.9849624060150376
0.9294117647058824 0.9899749373433584
0.9221698113207547 0.9799498746867168
0.9018264840182648 0.9899749373433584
0.8859060402684564 0.9924812030075187
0.8761061946902655 0.9924812030075187
0.9099307159353349 0.9874686716791979
0.9137529137529138 0.9824561403508771
0.9055299539170507 0.9849624060150376
0.9041095890410958 0.9924812030075187
0.9032258064516129 0.9824561403508771
0.9103448275862069 0.9924812030075187
0.8716814159292036 0.9874686716791979
0.8939051918735892 0.9924812030075187
0.891647855530474 0.9899749373433584
0.9 0.9924812030075187
0.9101382488479263 0.9899749373433584
0.9013761467889908 0.9849624060150376
0.8888888888888888 0.9824561403508771
0.91415313225058 0.9874686716791979
0.8831460674157303 0.9849624060150376
0.9207459207459208 0.9899749373433584
0.9178403755868545 0.9799498746867168
0.8954545454545455 0.9874686716791979
0.8777777777777778 0.9899749373433584
0.8703296703296703 0.9924812030075187
0.9038901601830663 0.9899749373433584
0.9135514018691588 0.9799498746867168
0.9078341013824884 0.9874686716791979
0.9041095890410958 0.9924812030075187
0.8929384965831435 0.9824561403508771
0.9124423963133641 0.9924812030075187
0.8624454148471615 0.9899749373433584
0.891647855530474 0.9899749373433584
0.8831460674157303 0.9849624060150376
0.8959276018099548 0.9924812030075187
0.9038901601830663 0.9899749373433584
0.9013761467889908 0.9849624060150376
0.8811659192825112 0.9849624060150376
0.9120370370370371 0.9874686716791979
0.8791946308724832 0.9849624060150376
