0.9974358974358974 0.974937343358396
1.0 0.974937343358396
0.9974093264248705 0.9649122807017544
0.9924050632911392 0.9824561403508771
1.0 0.9799498746867168
0.9974093264248705 0.9649122807017544
0.9922480620155039 0.9624060150375939
0.9974358974358974 0.974937343358396
0.9924242424242424 0.9849624060150376
0.9922680412371134 0.9649122807017544
1.0 0.9674185463659147
0.9974358974358974 0.974937343358396
1.0 0.9824561403508771
1.0 0.9699248120300752
0.9924433249370277 0.9874686716791979
0.9948849104859335 0.974937343358396
0.9974226804123711 0.9699248120300752
0.9948586118251928 0.9699248120300752
1.0 0.9774436090225563
0.9922879177377892 0.9674185463659147
0.9974424552429667 0.9774436090225563
1.0 0.974937343358396
0.9922879177377892 0.9674185463659147
0.98989898989899 0.9824561403508771
0.9974489795918368 0.9799498746867168
0.9948186528497409 0.9624060150375939
0.9896640826873385 0.9598997493734336
0.989821882951654 0.974937343358396
0.98989898989899 0.9824561403508771
0.9846938775510204 0.9674185463659147
0.9974093264248705 0.9649122807017544
0.9923664122137404 0.9774436090225563
1.0 0.9824561403508771
0.9974226804123711 0.9699248120300752
0.9849624060150376 0.9849624060150376
0.9923469387755102 0.974937343358396
0.9974358974358974 0.974937343358396
0.989769820971867 0.9699248120300752
0.9948979591836735 0.9774436090225563
0.9846938775510204 0.9674185463659147
0.9949109414758269 0.9799498746867168
0.9974358974358974 0.974937343358396
0.9871794871794872 0.9649122807017544
0.9848866498740554 0.9799498746867168
0.9948979591836735 0.9774436090225563
0.9896907216494846 0.9624060150375939
0.9896907216494846 0.9624060150375939
0.9873417721518988 0.9774436090225563
0.9874055415617129 0.9824561403508771
0.9772151898734177 0.9674185463659147
0.9974025974025974 0.9624060150375939
0.9898477157360406 0.9774436090225563
0.9949238578680203 0.9824561403508771
0.9948717948717949 0.9724310776942355
0.9825436408977556 0.9874686716791979
0.989821882951654 0.974937343358396
0.9974293059125964 0.9724310776942355
0.9897172236503856 0.9649122807017544
0.9923664122137404 0.9774436090225563
0.9847328244274809 0.9699248120300752
0.9923664122137404 0.9774436090225563
0.989821882951654 0.974937343358396
0.9846547314578005 0.9649122807017544
0.9849246231155779 0.9824561403508771
0.9898734177215189 0.9799498746867168
0.9871794871794872 0.9649122807017544
0.9846153846153847 0.9624060150375939
0.9823232323232324 0.974937343358396
0.9777227722772277 0.9899749373433584
0.9746835443037974 0.9649122807017544
0.9897172236503856 0.9649122807017544
0.9897959183673469 0.9724310776942355
0.9873737373737373 0.9799498746867168
0.9923076923076923 0.9699248120300752
0.9825 0.9849624060150376
0.989821882951654 0.974937343358396
0.9974226804123711 0.9699248120300752
0.9846547314578005 0.9649122807017544
0.9873417721518988 0.9774436090225563
0.9846547314578005 0.9649122807017544
0.9897959183673469 0.9724310776942355
0.9848101265822785 0.974937343358396
0.9846547314578005 0.9649122807017544
0.9849246231155779 0.9824561403508771
0.9848866498740554 0.9799498746867168
0.987146529562982 0.9624060150375939
0.9820971867007673 0.9624060150375939
0.9822784810126582 0.9724310776942355
0.9825436408977556 0.9874686716791979
0.9771573604060914 0.9649122807017544
0.9822335025380711 0.9699248120300752
0.9848866498740554 0.9799498746867168
0.9874055415617129 0.9824561403508771
0.9847328244274809 0.9699248120300752
0.9825436408977556 0.9874686716791979
0.9848101265822785 0.974937343358396
0.9948717948717949 0.9724310776942355
0.9821428571428571 0.9649122807017544
0.9873417721518988 0.9774436090225563
0.9795918367346939 0.9624060150375939
0.9898477157360406 0.9774436090225563
0.9823232323232324 0.974937343358396
0.9821882951653944 0.9674185463659147
0.9800498753117207 0.9849624060150376
0.9824120603015075 0.9799498746867168
0.9846938775510204 0.9674185463659147
0.979539641943734 0.9598997493734336
0.9823232323232324 0.974937343358396
0.9679802955665024 0.9849624060150376
0.9722921914357683 0.9674185463659147
0.9722921914357683 0.9674185463659147
0.9847715736040609 0.9724310776942355
0.9848866498740554 0.9799498746867168
0.9847328244274809 0.9699248120300752
0.9776674937965261 0.9874686716791979
0.9824120603015075 0.9799498746867168
0.9948849104859335 0.974937343358396
0.9796437659033079 0.9649122807017544
0.9848866498740554 0.9799498746867168
0.9748110831234257 0.9699248120300752
0.982367758186398 0.9774436090225563
0.9823232323232324 0.974937343358396
0.9822335025380711 0.9699248120300752
0.9799498746867168 0.9799498746867168
0.9750623441396509 0.9799498746867168
0.9796437659033079 0.9649122807017544
0.979539641943734 0.9598997493734336
0.9799498746867168 0.9799498746867168
0.9655172413793104 0.9824561403508771
0.9673366834170855 0.9649122807017544
0.9747474747474747 0.9674185463659147
0.9848101265822785 0.974937343358396
0.98 0.9824561403508771
0.9821882951653944 0.9674185463659147
0.9776674937965261 0.9874686716791979
0.9798488664987406 0.974937343358396
0.9923273657289002 0.9724310776942355
0.9796437659033079 0.9649122807017544
0.982367758186398 0.9774436090225563
0.9746835443037974 0.9649122807017544
0.9797979797979798 0.9724310776942355
0.9823232323232324 0.974937343358396
0.9796954314720813 0.9674185463659147
0.9776119402985075 0.9849624060150376
0.972636815920398 0.9799498746867168
0.9796954314720813 0.9674185463659147
0.9745547073791349 0.9598997493734336
0.9774436090225563 0.9774436090225563
0.9656019656019657 0.9849624060150376
0.9650872817955112 0.9699248120300752
0.9722222222222222 0.9649122807017544
0.9823232323232324 0.974937343358396
0.98 0.9824561403508771
0.9822335025380711 0.9699248120300752
0.9751861042183623 0.9849624060150376
0.9774436090225563 0.9774436090225563
0.9872448979591837 0.9699248120300752
0.9722921914357683 0.9674185463659147
0.975 0.9774436090225563
0.9747474747474747 0.9674185463659147
0.9775561097256857 0.9824561403508771
0.9773869346733668 0.974937343358396
0.9746835443037974 0.9649122807017544
0.972636815920398 0.9799498746867168
0.9702233250620348 0.9799498746867168
0.9747474747474747 0.9674185463659147
0.9746192893401016 0.9624060150375939
0.9748743718592965 0.9724310776942355
0.9563106796116505 0.9874686716791979
0.9625935162094763 0.9674185463659147
0.9697732997481109 0.9649122807017544
0.9798994974874372 0.9774436090225563
0.98 0.9824561403508771
0.9748743718592965 0.9724310776942355
0.9679802955665024 0.9849624060150376
0.9798488664987406 0.974937343358396
0.9847328244274809 0.9699248120300752
0.9722222222222222 0.9649122807017544
0.9798994974874372 0.9774436090225563
0.9697732997481109 0.9649122807017544
0.9775 0.9799498746867168
0.974937343358396 0.974937343358396
0.9746835443037974 0.9649122807017544
0.9727722772277227 0.9849624060150376
0.9654320987654321 0.9799498746867168
0.9748743718592965 0.9724310776942355
0.9746835443037974 0.9649122807017544
0.970074812967581 0.974937343358396
0.9537712895377128 0.9824561403508771
0.9578163771712159 0.9674185463659147
0.9674185463659147 0.9674185463659147
0.9774436090225563 0.9774436090225563
0.9775 0.9799498746867168
0.9772727272727273 0.9699248120300752
0.9703703703703703 0.9849624060150376
0.975 0.9774436090225563
0.9822335025380711 0.9699248120300752
0.9697732997481109 0.9649122807017544
0.975 0.9774436090225563
0.9698492462311558 0.9674185463659147
0.9774436090225563 0.9774436090225563
0.9725 0.974937343358396
0.9722921914357683 0.9674185463659147
0.9702970297029703 0.9824561403508771
0.9630541871921182 0.9799498746867168
0.9746835443037974 0.9649122807017544
0.9744897959183674 0.9573934837092731
0.972568578553616 0.9774436090225563
0.946987951807229 0.9849624060150376
0.9577114427860697 0.9649122807017544
0.9675 0.9699248120300752
0.972636815920398 0.9799498746867168
0.9750623441396509 0.9799498746867168
0.9748743718592965 0.9724310776942355
0.9680589680589681 0.9874686716791979
0.9653465346534653 0.9774436090225563
0.9772727272727273 0.9699248120300752
0.9697732997481109 0.9649122807017544
0.9701492537313433 0.9774436090225563
0.965 0.9674185463659147
0.9772727272727273 0.9699248120300752
0.9725 0.974937343358396
0.9722921914357683 0.9674185463659147
0.9679012345679012 0.9824561403508771
0.9630541871921182 0.9799498746867168
0.9746835443037974 0.9649122807017544
0.9746192893401016 0.9624060150375939
0.9701492537313433 0.9774436090225563
0.9468599033816425 0.9824561403508771
0.9577114427860697 0.9649122807017544
0.9626865671641791 0.9699248120300752
0.9701492537313433 0.9774436090225563
0.9751243781094527 0.9824561403508771
0.9675810473815462 0.9724310776942355
0.9656862745098039 0.9874686716791979
0.9676616915422885 0.974937343358396
0.970074812967581 0.974937343358396
0.9625 0.9649122807017544
0.9701492537313433 0.9774436090225563
0.9722222222222222 0.9649122807017544
0.9773869346733668 0.974937343358396
0.974937343358396 0.974937343358396
0.9673366834170855 0.9649122807017544
0.9632352941176471 0.9849624060150376
0.9559902200488998 0.9799498746867168
0.9722222222222222 0.9649122807017544
0.9722222222222222 0.9649122807017544
0.9580246913580247 0.9724310776942355
0.9468599033816425 0.9824561403508771
0.9554455445544554 0.9674185463659147
0.9577114427860697 0.9649122807017544
0.975 0.9774436090225563
0.972636815920398 0.9799498746867168
0.9626865671641791 0.9699248120300752
0.9656862745098039 0.9874686716791979
0.9651741293532339 0.9724310776942355
0.9675 0.9699248120300752
0.9600997506234414 0.9649122807017544
0.9653465346534653 0.9774436090225563
0.965 0.9674185463659147
0.9750623441396509 0.9799498746867168
0.9628712871287128 0.974937343358396
0.9578163771712159 0.9674185463659147
0.9560975609756097 0.9824561403508771
0.9536585365853658 0.9799498746867168
0.9675 0.9699248120300752
0.9673366834170855 0.9649122807017544
0.9582309582309583 0.9774436090225563
0.9404761904761905 0.9899749373433584
0.9579207920792079 0.9699248120300752
0.9554455445544554 0.9674185463659147
0.9678217821782178 0.9799498746867168
0.9727047146401985 0.9824561403508771
0.9532019704433498 0.9699248120300752
0.9609756097560975 0.9874686716791979
0.9580246913580247 0.9724310776942355
0.9651741293532339 0.9724310776942355
0.9601990049751243 0.9674185463659147
0.9653465346534653 0.9774436090225563
0.9600997506234414 0.9649122807017544
0.967741935483871 0.9774436090225563
0.9629629629629629 0.9774436090225563
0.9578163771712159 0.9674185463659147
0.9562043795620438 0.9849624060150376
0.9444444444444444 0.9799498746867168
0.9650872817955112 0.9699248120300752
0.964824120603015 0.9624060150375939
0.9556650246305419 0.9724310776942355
0.9379474940334129 0.9849624060150376
0.9529702970297029 0.9649122807017544
0.9459459459459459 0.9649122807017544
0.9679012345679012 0.9824561403508771
0.9655172413793104 0.9824561403508771
0.9508599508599509 0.9699248120300752
0.9586374695863747 0.9874686716791979
0.9534313725490197 0.974937343358396
0.9627791563275434 0.9724310776942355
0.9649122807017544 0.9649122807017544
0.9653465346534653 0.9774436090225563
0.9577114427860697 0.9649122807017544
0.9605911330049262 0.9774436090225563
0.9557739557739557 0.974937343358396
0.9553349875930521 0.9649122807017544
0.9537712895377128 0.9824561403508771
0.9467312348668281 0.9799498746867168
0.9623115577889447 0.9598997493734336
0.9575 0.9598997493734336
0.9534313725490197 0.974937343358396
0.9334916864608076 0.9849624060150376
0.9529702970297029 0.9649122807017544
0.9393203883495146 0.9699248120300752
0.9605911330049262 0.9774436090225563
0.9655172413793104 0.9824561403508771
0.9485294117647058 0.9699248120300752
0.9563106796116505 0.9874686716791979
0.9512195121951219 0.9774436090225563
0.9580246913580247 0.9724310776942355
0.9577114427860697 0.9649122807017544
0.9629629629629629 0.9774436090225563
0.9506172839506173 0.9649122807017544
0.9558823529411765 0.9774436090225563
0.9534313725490197 0.974937343358396
0.9506172839506173 0.9649122807017544
0.9447115384615384 0.9849624060150376
0.9444444444444444 0.9799498746867168
0.9624060150375939 0.9624060150375939
0.9551122194513716 0.9598997493734336
0.9464720194647201 0.974937343358396
0.9312796208530806 0.9849624060150376
0.9482758620689655 0.9649122807017544
0.9416058394160584 0.9699248120300752
0.9582309582309583 0.9774436090225563
0.9538834951456311 0.9849624060150376
0.9439024390243902 0.9699248120300752
0.9586374695863747 0.9874686716791979
0.948905109489051 0.9774436090225563
0.9579207920792079 0.9699248120300752
0.9530864197530864 0.9674185463659147
0.9582309582309583 0.9774436090225563
0.9436274509803921 0.9649122807017544
0.9534313725490197 0.974937343358396
0.9557739557739557 0.974937343358396
0.9506172839506173 0.9649122807017544
0.9423076923076923 0.9824561403508771
0.9376498800959233 0.9799498746867168
0.9578163771712159 0.9674185463659147
0.9529702970297029 0.9649122807017544
0.9418886198547215 0.974937343358396
0.9312796208530806 0.9849624060150376
0.9481481481481482 0.9624060150375939
0.9414634146341463 0.9674185463659147
0.9558823529411765 0.9774436090225563
0.9537712895377128 0.9824561403508771
0.9440389294403893 0.9724310776942355
0.9539951573849879 0.9874686716791979
0.9375 0.9774436090225563
0.9556650246305419 0.9724310776942355
0.9506172839506173 0.9649122807017544
0.9535452322738386 0.9774436090225563
0.9391727493917275 0.9674185463659147
0.9512195121951219 0.9774436090225563
0.948780487804878 0.974937343358396
0.9436274509803921 0.9649122807017544
0.9401913875598086 0.9849624060150376
0.9331742243436754 0.9799498746867168
0.9601990049751243 0.9674185463659147
0.9506172839506173 0.9649122807017544
0.9440389294403893 0.9724310776942355
0.9247058823529412 0.9849624060150376
0.9414634146341463 0.9674185463659147
0.9393203883495146 0.9699248120300752
0.9603960396039604 0.9724310776942355
0.9467312348668281 0.9799498746867168
0.9349397590361446 0.9724310776942355
0.9539951573849879 0.9874686716791979
0.9375 0.9774436090225563
0.9556650246305419 0.9724310776942355
0.9529702970297029 0.9649122807017544
0.9535452322738386 0.9774436090225563
0.9368932038834952 0.9674185463659147
0.9466019417475728 0.9774436090225563
0.948905109489051 0.9774436090225563
0.9414634146341463 0.9674185463659147
0.9311163895486936 0.9824561403508771
0.9331742243436754 0.9799498746867168
0.9530864197530864 0.9674185463659147
0.9390243902439024 0.9649122807017544
0.9394673123486683 0.9724310776942355
0.9289099526066351 0.9824561403508771
0.941320293398533 0.9649122807017544
0.9367396593673966 0.9649122807017544
0.958128078817734 0.974937343358396
0.9467312348668281 0.9799498746867168
0.9347826086956522 0.9699248120300752
0.9539951573849879 0.9874686716791979
0.9375 0.9774436090225563
0.9508599508599509 0.9699248120300752
0.9507389162561576 0.9674185463659147
0.9535452322738386 0.9774436090225563
0.9344660194174758 0.9649122807017544
0.9418886198547215 0.974937343358396
0.9418886198547215 0.974937343358396
0.941320293398533 0.9649122807017544
0.9333333333333333 0.9824561403508771
0.9287410926365796 0.9799498746867168
0.9484029484029484 0.9674185463659147
0.9434889434889435 0.9624060150375939
0.9349397590361446 0.9724310776942355
0.9248826291079812 0.9874686716791979
0.941320293398533 0.9649122807017544
0.9368932038834952 0.9674185463659147
0.9534313725490197 0.974937343358396
0.937799043062201 0.9824561403508771
0.9349397590361446 0.9724310776942355
0.9471153846153846 0.9874686716791979
0.9350961538461539 0.974937343358396
0.9485294117647058 0.9699248120300752
0.9484029484029484 0.9674185463659147
0.9466019417475728 0.9774436090225563
0.9344660194174758 0.9649122807017544
0.9399038461538461 0.9799498746867168
0.9418886198547215 0.974937343358396
0.9414634146341463 0.9674185463659147
0.930952380952381 0.9799498746867168
0.9265402843601895 0.9799498746867168
0.9507389162561576 0.9674185463659147
0.9459459459459459 0.9649122807017544
0.9350961538461539 0.974937343358396
0.9290780141843972 0.9849624060150376
0.9390243902439024 0.9649122807017544
0.9346246973365617 0.9674185463659147
0.9441747572815534 0.974937343358396
0.937799043062201 0.9824561403508771
0.9282296650717703 0.9724310776942355
0.9424460431654677 0.9849624060150376
0.9371980676328503 0.9724310776942355
0.9464720194647201 0.974937343358396
0.9459459459459459 0.9649122807017544
0.9443099273607748 0.9774436090225563
0.9301204819277108 0.9674185463659147
0.9421686746987952 0.9799498746867168
0.9373493975903614 0.974937343358396
0.941320293398533 0.9649122807017544
0.9355608591885441 0.9824561403508771
0.9221698113207547 0.9799498746867168
0.946078431372549 0.9674185463659147
0.9411764705882353 0.9624060150375939
0.9307875894988067 0.9774436090225563
0.9225352112676056 0.9849624060150376
0.9414634146341463 0.9674185463659147
0.9347826086956522 0.9699248120300752
0.9468599033816425 0.9824561403508771
0.9311163895486936 0.9824561403508771
0.9280575539568345 0.9699248120300752
0.9358669833729216 0.9874686716791979
0.9350961538461539 0.974937343358396
0.9462102689486552 0.9699248120300752
0.9484029484029484 0.9674185463659147
0.9397590361445783 0.9774436090225563
0.9230769230769231 0.9624060150375939
0.9376498800959233 0.9799498746867168
0.9350961538461539 0.974937343358396
0.941320293398533 0.9649122807017544
0.9289099526066351 0.9824561403508771
0.9198113207547169 0.9774436090225563
0.941320293398533 0.9649122807017544
0.9341463414634147 0.9598997493734336
0.930622009569378 0.974937343358396
0.9180327868852459 0.9824561403508771
0.9390243902439024 0.9649122807017544
0.9322033898305084 0.9649122807017544
0.9354066985645934 0.9799498746867168
0.9355608591885441 0.9824561403508771
0.9258373205741627 0.9699248120300752
0.9270588235294117 0.9874686716791979
0.9284009546539379 0.974937343358396
0.9439024390243902 0.9699248120300752
0.9437652811735942 0.9674185463659147
0.9330143540669856 0.9774436090225563
0.9166666666666666 0.9649122807017544
0.9328537170263789 0.974937343358396
0.9284009546539379 0.974937343358396
0.9414634146341463 0.9674185463659147
0.9248826291079812 0.9874686716791979
0.92 0.9799498746867168
0.941320293398533 0.9649122807017544
0.9296116504854369 0.9598997493734336
0.9328537170263789 0.974937343358396
0.9203747072599532 0.9849624060150376
0.9346246973365617 0.9674185463659147
0.9234449760765551 0.9674185463659147
0.9375 0.9774436090225563
0.9357142857142857 0.9849624060150376
0.9214285714285714 0.9699248120300752
0.9292452830188679 0.9874686716791979
0.9282296650717703 0.9724310776942355
0.941747572815534 0.9724310776942355
0.9459459459459459 0.9649122807017544
0.9307875894988067 0.9774436090225563
0.9146919431279621 0.9674185463659147
0.930622009569378 0.974937343358396
0.9239904988123515 0.974937343358396
0.9368932038834952 0.9674185463659147
0.9267139479905437 0.9824561403508771
0.9180327868852459 0.9824561403508771
0.9343065693430657 0.9624060150375939
0.9254807692307693 0.9649122807017544
0.9239904988123515 0.974937343358396
0.9203747072599532 0.9849624060150376
0.9322033898305084 0.9649122807017544
0.9230769230769231 0.9624060150375939
0.930952380952381 0.9799498746867168
0.9333333333333333 0.9824561403508771
0.919431279620853 0.9724310776942355
0.9292452830188679 0.9874686716791979
0.9238095238095239 0.9724310776942355
0.9347826086956522 0.9699248120300752
0.9459459459459459 0.9649122807017544
0.9307875894988067 0.9774436090225563
0.918854415274463 0.9649122807017544
0.9282296650717703 0.9724310776942355
0.9196217494089834 0.974937343358396
0.9344660194174758 0.9649122807017544
0.9184149184149184 0.9874686716791979
0.9178403755868545 0.9799498746867168
0.9322033898305084 0.9649122807017544
0.927536231884058 0.9624060150375939
0.9243498817966903 0.9799498746867168
0.9205607476635514 0.9874686716791979
0.9301204819277108 0.9674185463659147
0.9168646080760094 0.9674185463659147
0.9307875894988067 0.9774436090225563
0.9311163895486936 0.9824561403508771
0.9170616113744076 0.9699248120300752
0.9203747072599532 0.9849624060150376
0.9239904988123515 0.974937343358396
0.9394673123486683 0.9724310776942355
0.941320293398533 0.9649122807017544
0.9285714285714286 0.9774436090225563
0.9101654846335697 0.9649122807017544
0.9221698113207547 0.9799498746867168
0.9067599067599068 0.974937343358396
0.9323671497584541 0.9674185463659147
0.916083916083916 0.9849624060150376
0.9178403755868545 0.9799498746867168
0.9344660194174758 0.9649122807017544
0.927710843373494 0.9649122807017544
0.9239904988123515 0.974937343358396
0.9156908665105387 0.9799498746867168
0.9254807692307693 0.9649122807017544
0.9146919431279621 0.9674185463659147
0.9284009546539379 0.974937343358396
0.9289099526066351 0.9824561403508771
0.9146919431279621 0.9674185463659147
0.9184149184149184 0.9874686716791979
0.9218009478672986 0.974937343358396
0.9371980676328503 0.9724310776942355
0.9367396593673966 0.9649122807017544
0.9307875894988067 0.9774436090225563
0.9078014184397163 0.9624060150375939
0.9218009478672986 0.974937343358396
0.9027777777777778 0.9774436090225563
0.9299516908212561 0.9649122807017544
0.9158878504672897 0.9824561403508771
0.9178403755868545 0.9799498746867168
0.9278846153846154 0.9674185463659147
0.9164677804295943 0.9624060150375939
0.9218009478672986 0.974937343358396
0.9116279069767442 0.9824561403508771
0.9212410501193318 0.9674185463659147
0.9127358490566038 0.9699248120300752
0.9263657957244655 0.9774436090225563
0.9289099526066351 0.9824561403508771
0.9129411764705883 0.9724310776942355
0.9120370370370371 0.9874686716791979
0.9150943396226415 0.9724310776942355
0.9304556354916067 0.9724310776942355
0.9344660194174758 0.9649122807017544
0.9263657957244655 0.9774436090225563
0.8997668997668997 0.9674185463659147
0.92 0.9799498746867168
0.9004629629629629 0.974937343358396
0.9301204819277108 0.9674185463659147
0.913953488372093 0.9849624060150376
0.9133489461358314 0.9774436090225563
0.927710843373494 0.9649122807017544
0.9142857142857143 0.9624060150375939
0.9150943396226415 0.9724310776942355
0.913953488372093 0.9849624060150376
0.918854415274463 0.9649122807017544
0.9105882352941177 0.9699248120300752
0.9219858156028369 0.9774436090225563
0.9287410926365796 0.9799498746867168
0.9044289044289044 0.9724310776942355
0.9055299539170507 0.9849624060150376
0.91725768321513 0.9724310776942355
0.9371980676328503 0.9724310776942355
0.9368932038834952 0.9674185463659147
0.9307875894988067 0.9774436090225563
0.9016393442622951 0.9649122807017544
