0.9790732436472347 0.9939301972685888 0.9938366718027735 0.9787556904400607 0.9863429438543247
0.9671641791044776 0.9833080424886191 0.9830246913580247 0.9666160849772383 0.9749620637329287
0.9787556904400607 0.9787556904400607 0.9787556904400607 0.9787556904400607 0.9787556904400607
0.9743975903614458 0.9817905918057663 0.981651376146789 0.9742033383915023 0.9779969650986343
0.975975975975976 0.9863429438543247 0.9861963190184049 0.9757207890743551 0.9810318664643399
0.9834087481146304 0.9893778452200304 0.9893129770992366 0.9833080424886191 0.9863429438543247
0.9700598802395209 0.9833080424886191 0.9830769230769231 0.9696509863429439 0.9764795144157815
0.9803921568627451 0.9863429438543247 0.9862595419847329 0.9802731411229135 0.9833080424886191
0.9746268656716418 0.9908952959028832 0.9907407407407407 0.9742033383915023 0.9825493171471927
0.9787234042553191 0.9772382397572079 0.9772727272727273 0.9787556904400607 0.9779969650986343
0.9687034277198212 0.9863429438543247 0.9860896445131375 0.9681335356600911 0.9772382397572079
0.9657228017883756 0.9833080424886191 0.9829984544049459 0.9650986342943855 0.9742033383915023
0.968609865470852 0.9833080424886191 0.9830508474576272 0.9681335356600911 0.9757207890743551
0.9730538922155688 0.9863429438543247 0.9861538461538462 0.9726858877086495 0.9795144157814871
0.9759036144578314 0.9833080424886191 0.9831804281345565 0.9757207890743551 0.9795144157814871
0.9717261904761905 0.9908952959028832 0.9907120743034056 0.9711684370257967 0.9810318664643399
0.9731343283582089 0.9893778452200304 0.9891975308641975 0.9726858877086495 0.9810318664643399
0.9849397590361446 0.992412746585736 0.9923547400611621 0.9848254931714719 0.988619119878604
0.9878234398782344 0.9848254931714719 0.9848714069591528 0.9878603945371776 0.9863429438543247
0.974512743628186 0.9863429438543247 0.9861751152073732 0.9742033383915023 0.9802731411229135
0.9685157421289355 0.9802731411229135 0.9800307219662059 0.9681335356600911 0.9742033383915023
0.9745889387144993 0.9893778452200304 0.9892141756548536 0.9742033383915023 0.9817905918057663
0.9745508982035929 0.9878603945371776 0.9876923076923076 0.9742033383915023 0.9810318664643399
0.9743975903614458 0.9817905918057663 0.981651376146789 0.9742033383915023 0.9779969650986343
0.9878603945371776 0.9878603945371776 0.9878603945371776 0.9878603945371776 0.9878603945371776
0.9834586466165414 0.992412746585736 0.9923430321592649 0.9833080424886191 0.9878603945371776
0.9714714714714715 0.9817905918057663 0.9815950920245399 0.9711684370257967 0.9764795144157815
0.9717682020802377 0.992412746585736 0.9922480620155039 0.9711684370257967 0.9817905918057663
0.9716840536512668 0.9893778452200304 0.9891808346213292 0.9711684370257967 0.9802731411229135
0.9745508982035929 0.9878603945371776 0.9876923076923076 0.9742033383915023 0.9810318664643399
0.9834087481146304 0.9893778452200304 0.9893129770992366 0.9833080424886191 0.9863429438543247
0.970193740685544 0.9878603945371776 0.9876352395672334 0.9696509863429439 0.9787556904400607
0.9703264094955489 0.992412746585736 0.9922360248447205 0.9696509863429439 0.9810318664643399
0.9818181818181818 0.9833080424886191 0.9832826747720365 0.9817905918057663 0.9825493171471927
0.9803625377643505 0.9848254931714719 0.9847560975609756 0.9802731411229135 0.9825493171471927
0.9686567164179104 0.9848254931714719 0.9845679012345679 0.9681335356600911 0.9764795144157815
0.9772382397572079 0.9772382397572079 0.9772382397572079 0.9772382397572079 0.9772382397572079
0.9700149925037481 0.9817905918057663 0.9815668202764977 0.9696509863429439 0.9757207890743551
0.9818731117824774 0.9863429438543247 0.9862804878048781 0.9817905918057663 0.9840667678300455
0.9702380952380952 0.9893778452200304 0.9891640866873065 0.9696509863429439 0.9795144157814871
0.9760119940029985 0.9878603945371776 0.9877112135176651 0.9757207890743551 0.9817905918057663
0.9819548872180451 0.9908952959028832 0.9908116385911179 0.9817905918057663 0.9863429438543247
0.9715568862275449 0.9848254931714719 0.9846153846153847 0.9711684370257967 0.9779969650986343
0.9818456883509834 0.9848254931714719 0.984779299847793 0.9817905918057663 0.9833080424886191
0.9775784753363229 0.992412746585736 0.9922958397534669 0.9772382397572079 0.9848254931714719
0.9803625377643505 0.9848254931714719 0.9847560975609756 0.9802731411229135 0.9825493171471927
0.9760119940029985 0.9878603945371776 0.9877112135176651 0.9757207890743551 0.9817905918057663
0.9803030303030303 0.9817905918057663 0.9817629179331308 0.9802731411229135 0.9810318664643399
0.9804511278195489 0.9893778452200304 0.9892802450229708 0.9802731411229135 0.9848254931714719
0.9642324888226528 0.9817905918057663 0.98145285935085 0.9635811836115327 0.9726858877086495
0.975867269984917 0.9817905918057663 0.981679389312977 0.9757207890743551 0.9787556904400607
0.978978978978979 0.9893778452200304 0.9892638036809815 0.9787556904400607 0.9840667678300455
0.9848484848484849 0.9863429438543247 0.986322188449848 0.9848254931714719 0.9855842185128983
0.9730134932533733 0.9848254931714719 0.9846390168970814 0.9726858877086495 0.9787556904400607
0.9789473684210527 0.9878603945371776 0.9877488514548239 0.9787556904400607 0.9833080424886191
0.9530791788856305 0.9863429438543247 0.9858490566037735 0.9514415781487102 0.9688922610015175
0.9729323308270676 0.9817905918057663 0.9816232771822359 0.9726858877086495 0.9772382397572079
0.9803625377643505 0.9848254931714719 0.9847560975609756 0.9802731411229135 0.9825493171471927
0.9602356406480118 0.9893778452200304 0.9890453834115805 0.9590288315629742 0.9742033383915023
0.9730134932533733 0.9848254931714719 0.9846390168970814 0.9726858877086495 0.9787556904400607
0.9715568862275449 0.9848254931714719 0.9846153846153847 0.9711684370257967 0.9779969650986343
0.9775449101796407 0.9908952959028832 0.9907692307692307 0.9772382397572079 0.9840667678300455
0.9804216867469879 0.9878603945371776 0.9877675840978594 0.9802731411229135 0.9840667678300455
0.9772382397572079 0.9772382397572079 0.9772382397572079 0.9772382397572079 0.9772382397572079
0.9743589743589743 0.9802731411229135 0.9801526717557252 0.9742033383915023 0.9772382397572079
0.9818456883509834 0.9848254931714719 0.984779299847793 0.9817905918057663 0.9833080424886191
0.9761904761904762 0.9954476479514416 0.9953560371517027 0.9757207890743551 0.9855842185128983
0.974512743628186 0.9863429438543247 0.9861751152073732 0.9742033383915023 0.9802731411229135
0.9702823179791976 0.9908952959028832 0.9906976744186047 0.9696509863429439 0.9802731411229135
0.9744744744744744 0.9848254931714719 0.9846625766871165 0.9742033383915023 0.9795144157814871
0.9672619047619048 0.9863429438543247 0.9860681114551083 0.9666160849772383 0.9764795144157815
0.974512743628186 0.9863429438543247 0.9861751152073732 0.9742033383915023 0.9802731411229135
0.9730941704035875 0.9878603945371776 0.987673343605547 0.9726858877086495 0.9802731411229135
0.9715994020926756 0.9863429438543247 0.9861325115562404 0.9711684370257967 0.9787556904400607
0.9742424242424242 0.9757207890743551 0.9756838905775076 0.9742033383915023 0.9749620637329287
0.9818181818181818 0.9833080424886191 0.9832826747720365 0.9817905918057663 0.9825493171471927
0.9730941704035875 0.9878603945371776 0.987673343605547 0.9726858877086495 0.9802731411229135
0.9700149925037481 0.9817905918057663 0.9815668202764977 0.9696509863429439 0.9757207890743551
0.970193740685544 0.9878603945371776 0.9876352395672334 0.9696509863429439 0.9787556904400607
0.9729323308270676 0.9817905918057663 0.9816232771822359 0.9726858877086495 0.9772382397572079
0.9716417910447761 0.9878603945371776 0.9876543209876543 0.9711684370257967 0.9795144157814871
0.972768532526475 0.9757207890743551 0.9756468797564688 0.9726858877086495 0.9742033383915023
0.977645305514158 0.9954476479514416 0.9953632148377125 0.9772382397572079 0.9863429438543247
0.9731743666169895 0.9908952959028832 0.990726429675425 0.9726858877086495 0.9817905918057663
0.9834087481146304 0.9893778452200304 0.9893129770992366 0.9833080424886191 0.9863429438543247
0.9728915662650602 0.9802731411229135 0.9801223241590215 0.9726858877086495 0.9764795144157815
0.9788838612368024 0.9848254931714719 0.9847328244274809 0.9787556904400607 0.9817905918057663
0.9760119940029985 0.9878603945371776 0.9877112135176651 0.9757207890743551 0.9817905918057663
0.9818456883509834 0.9848254931714719 0.984779299847793 0.9817905918057663 0.9833080424886191
0.9788199697428139 0.9817905918057663 0.9817351598173516 0.9787556904400607 0.9802731411229135
0.9729323308270676 0.9817905918057663 0.9816232771822359 0.9726858877086495 0.9772382397572079
0.9745889387144993 0.9893778452200304 0.9892141756548536 0.9742033383915023 0.9817905918057663
0.9728915662650602 0.9802731411229135 0.9801223241590215 0.9726858877086495 0.9764795144157815
0.9745508982035929 0.9878603945371776 0.9876923076923076 0.9742033383915023 0.9810318664643399
0.975975975975976 0.9863429438543247 0.9861963190184049 0.9757207890743551 0.9810318664643399
0.9701492537313433 0.9863429438543247 0.9861111111111112 0.9696509863429439 0.9779969650986343
0.9862804878048781 0.9817905918057663 0.9818731117824774 0.9863429438543247 0.9840667678300455
0.9772727272727273 0.9787556904400607 0.9787234042553191 0.9772382397572079 0.9779969650986343
0.9817629179331308 0.9802731411229135 0.9803030303030303 0.9817905918057663 0.9810318664643399
0.9716840536512668 0.9893778452200304 0.9891808346213292 0.9711684370257967 0.9802731411229135
