0.9975 1.0
0.9949622166246851 0.9899749373433584
1.0 0.9949874686716792
0.9900249376558603 0.9949874686716792
0.9925 0.9949874686716792
0.9974874371859297 0.9949874686716792
0.9949622166246851 0.9899749373433584
0.9949874686716792 0.9949874686716792
1.0 0.9949874686716792
0.9949622166246851 0.9899749373433584
0.9974874371859297 0.9949874686716792
0.9949874686716792 0.9949874686716792
1.0 0.9949874686716792
1.0 0.9949874686716792
0.9875311720698254 0.9924812030075187
0.9949748743718593 0.9924812030075187
0.992462311557789 0.9899749373433584
0.9875311720698254 0.9924812030075187
0.9974874371859297 0.9949874686716792
0.9925 0.9949874686716792
0.9950124688279302 1.0
0.995 0.9974937343358395
0.9949748743718593 0.9924812030075187
0.9974937343358395 0.9974937343358395
1.0 0.9899749373433584
1.0 0.9924812030075187
0.9949494949494949 0.9874686716791979
0.9925 0.9949874686716792
0.9974937343358395 0.9974937343358395
1.0 0.9949874686716792
0.99 0.9924812030075187
0.9974937343358395 0.9974937343358395
1.0 0.9949874686716792
0.9900249376558603 0.9949874686716792
0.9924812030075187 0.9924812030075187
0.9925187032418953 0.9974937343358395
0.9925187032418953 0.9974937343358395
0.9974747474747475 0.9899749373433584
0.9949748743718593 0.9924812030075187
0.9925187032418953 0.9974937343358395
0.9899497487437185 0.9874686716791979
0.9949748743718593 0.9924812030075187
0.9949494949494949 0.9874686716791979
0.9949874686716792 0.9949874686716792
0.9974619289340102 0.9849624060150376
0.9974811083123426 0.9924812030075187
0.9900744416873449 1.0
0.9974747474747475 0.9899749373433584
0.9925 0.9949874686716792
0.9974683544303797 0.9874686716791979
0.9975 1.0
0.9850746268656716 0.9924812030075187
0.9974874371859297 0.9949874686716792
0.9851116625310173 0.9949874686716792
0.9826732673267327 0.9949874686716792
0.9925 0.9949874686716792
0.9924812030075187 0.9924812030075187
0.9900249376558603 0.9949874686716792
0.9974874371859297 0.9949874686716792
0.9875 0.9899749373433584
0.9949874686716792 0.9949874686716792
0.9925 0.9949874686716792
0.9974874371859297 0.9949874686716792
1.0 0.9949874686716792
0.9850746268656716 0.9924812030075187
0.9924812030075187 0.9924812030075187
0.9899749373433584 0.9899749373433584
0.9826302729528535 0.9924812030075187
0.9925 0.9949874686716792
0.9900497512437811 0.9974937343358395
0.9950124688279302 1.0
0.9900497512437811 0.9974937343358395
0.99 0.9924812030075187
0.9851485148514851 0.9974937343358395
0.9974747474747475 0.9899749373433584
0.99 0.9924812030075187
0.9899497487437185 0.9874686716791979
0.9826732673267327 0.9949874686716792
0.9974937343358395 0.9974937343358395
0.9974874371859297 0.9949874686716792
0.9850746268656716 0.9924812030075187
0.9827160493827161 0.9974937343358395
0.9949874686716792 0.9949874686716792
0.9875311720698254 0.9924812030075187
0.99 0.9924812030075187
0.9802955665024631 0.9974937343358395
0.9900497512437811 0.9974937343358395
0.9850374064837906 0.9899749373433584
0.9949748743718593 0.9924812030075187
0.9900497512437811 0.9974937343358395
0.985 0.9874686716791979
0.9949622166246851 0.9899749373433584
0.9874686716791979 0.9874686716791979
0.9925 0.9949874686716792
0.9924242424242424 0.9849624060150376
0.9875311720698254 0.9924812030075187
0.9851851851851852 1.0
0.9949622166246851 0.9899749373433584
0.9875621890547264 0.9949874686716792
0.992462311557789 0.9899749373433584
0.9900744416873449 1.0
0.9801980198019802 0.9924812030075187
0.9900249376558603 0.9949874686716792
0.980246913580247 0.9949874686716792
0.9754299754299754 0.9949874686716792
0.9900249376558603 0.9949874686716792
0.9924242424242424 0.9849624060150376
0.9900249376558603 0.9949874686716792
0.9974874371859297 0.9949874686716792
0.9777227722772277 0.9899749373433584
0.9875621890547264 0.9949874686716792
0.9875621890547264 0.9949874686716792
0.9925 0.9949874686716792
0.9900249376558603 0.9949874686716792
0.9777777777777777 0.9924812030075187
0.99 0.9924812030075187
0.9777227722772277 0.9899749373433584
0.9826302729528535 0.9924812030075187
0.9875621890547264 0.9949874686716792
0.9850746268656716 0.9924812030075187
0.9925373134328358 1.0
0.9851485148514851 0.9974937343358395
0.9850746268656716 0.9924812030075187
0.9754901960784313 0.9974937343358395
0.9899749373433584 0.9899749373433584
0.9850746268656716 0.9924812030075187
0.985 0.9874686716791979
0.9754299754299754 0.9949874686716792
0.9925187032418953 0.9974937343358395
0.9875621890547264 0.9949874686716792
0.9801980198019802 0.9924812030075187
0.9851485148514851 0.9974937343358395
0.9900249376558603 0.9949874686716792
0.980246913580247 0.9949874686716792
0.9826302729528535 0.9924812030075187
0.9778869778869779 0.9974937343358395
0.9827160493827161 0.9974937343358395
0.9705159705159705 0.9899749373433584
0.9850746268656716 0.9924812030075187
0.9851485148514851 0.9974937343358395
0.9875 0.9899749373433584
0.9949622166246851 0.9899749373433584
0.9825436408977556 0.9874686716791979
0.9851116625310173 0.9949874686716792
0.9899244332493703 0.9849624060150376
0.9850374064837906 0.9899749373433584
0.9779411764705882 1.0
0.992462311557789 0.9899749373433584
0.980246913580247 0.9949874686716792
0.9899749373433584 0.9899749373433584
0.9827586206896551 1.0
0.9682151589242054 0.9924812030075187
0.9826732673267327 0.9949874686716792
0.9706601466992665 0.9949874686716792
0.9706601466992665 0.9949874686716792
0.9875621890547264 0.9949874686716792
0.9899749373433584 0.9899749373433584
0.9754299754299754 0.9949874686716792
0.9900249376558603 0.9949874686716792
0.9753086419753086 0.9899749373433584
0.9826732673267327 0.9949874686716792
0.9851116625310173 0.9949874686716792
0.980246913580247 0.9949874686716792
0.9851116625310173 0.9949874686716792
0.9682151589242054 0.9924812030075187
0.9777777777777777 0.9924812030075187
0.9753086419753086 0.9899749373433584
0.9777777777777777 0.9924812030075187
0.9851116625310173 0.9949874686716792
0.980246913580247 0.9949874686716792
0.9876237623762376 1.0
0.9851485148514851 0.9974937343358395
0.9826302729528535 0.9924812030075187
0.9707317073170731 0.9974937343358395
0.9875 0.9899749373433584
0.9705882352941176 0.9924812030075187
0.9800995024875622 0.9874686716791979
0.9682926829268292 0.9949874686716792
0.9827160493827161 0.9974937343358395
0.9851116625310173 0.9949874686716792
0.9777777777777777 0.9924812030075187
0.9778869778869779 0.9974937343358395
0.9875621890547264 0.9949874686716792
0.9826732673267327 0.9949874686716792
0.9753694581280788 0.9924812030075187
0.9754901960784313 0.9974937343358395
0.9731051344743277 0.9974937343358395
0.9705159705159705 0.9899749373433584
0.9826302729528535 0.9924812030075187
0.9802955665024631 0.9974937343358395
0.9800995024875622 0.9874686716791979
0.9949622166246851 0.9899749373433584
0.9800995024875622 0.9874686716791979
0.9851116625310173 0.9949874686716792
0.9825 0.9849624060150376
0.9801980198019802 0.9924812030075187
0.9755501222493888 1.0
0.9874686716791979 0.9874686716791979
0.9730392156862745 0.9949874686716792
0.9825870646766169 0.9899749373433584
0.9827586206896551 1.0
0.9682151589242054 0.9924812030075187
0.980246913580247 0.9949874686716792
0.9706601466992665 0.9949874686716792
0.9635922330097088 0.9949874686716792
0.9851116625310173 0.9949874686716792
0.985 0.9874686716791979
0.9730392156862745 0.9949874686716792
0.9900249376558603 0.9949874686716792
0.9705159705159705 0.9899749373433584
0.980246913580247 0.9949874686716792
0.9777777777777777 0.9924812030075187
0.9730392156862745 0.9949874686716792
0.9826732673267327 0.9949874686716792
0.9705882352941176 0.9924812030075187
0.9777777777777777 0.9924812030075187
0.9681372549019608 0.9899749373433584
0.9705882352941176 0.9924812030075187
0.9826732673267327 0.9949874686716792
0.9778325123152709 0.9949874686716792
0.9755501222493888 1.0
0.9827160493827161 0.9974937343358395
0.9801980198019802 0.9924812030075187
0.9707317073170731 0.9974937343358395
0.9825870646766169 0.9899749373433584
0.9635036496350365 0.9924812030075187
0.9776674937965261 0.9874686716791979
0.9635922330097088 0.9949874686716792
0.9827160493827161 0.9974937343358395
0.9778325123152709 0.9949874686716792
0.9682151589242054 0.9924812030075187
0.9754901960784313 0.9974937343358395
0.9826732673267327 0.9949874686716792
0.9777777777777777 0.9924812030075187
0.9682151589242054 0.9924812030075187
0.9660194174757282 0.9974937343358395
0.9731051344743277 0.9974937343358395
0.9657701711491442 0.9899749373433584
0.9753694581280788 0.9924812030075187
0.9802955665024631 0.9974937343358395
0.9753086419753086 0.9899749373433584
0.9924812030075187 0.9924812030075187
0.9800995024875622 0.9874686716791979
0.9851116625310173 0.9949874686716792
0.9776119402985075 0.9849624060150376
0.9778325123152709 0.9949874686716792
0.973170731707317 1.0
0.9825870646766169 0.9899749373433584
0.9659367396593674 0.9949874686716792
0.9825870646766169 0.9899749373433584
0.9684466019417476 1.0
0.9611650485436893 0.9924812030075187
0.9730392156862745 0.9949874686716792
0.9612590799031477 0.9949874686716792
0.9543269230769231 0.9949874686716792
0.9851116625310173 0.9949874686716792
0.9800995024875622 0.9874686716791979
0.9682926829268292 0.9949874686716792
0.9851116625310173 0.9949874686716792
0.9681372549019608 0.9899749373433584
0.9778325123152709 0.9949874686716792
0.972972972972973 0.9924812030075187
0.9682926829268292 0.9949874686716792
0.9730392156862745 0.9949874686716792
0.9658536585365853 0.9924812030075187
0.9705882352941176 0.9924812030075187
0.9634146341463414 0.9899749373433584
0.9611650485436893 0.9924812030075187
0.9778325123152709 0.9949874686716792
0.9683698296836983 0.9974937343358395
0.9684466019417476 1.0
0.9754901960784313 0.9974937343358395
0.9753694581280788 0.9924812030075187
0.9660194174757282 0.9974937343358395
0.9825870646766169 0.9899749373433584
0.9496402877697842 0.9924812030075187
0.9752475247524752 0.9874686716791979
0.9589371980676329 0.9949874686716792
0.9802955665024631 0.9974937343358395
0.9682926829268292 0.9949874686716792
0.9611650485436893 0.9924812030075187
0.961352657004831 0.9974937343358395
0.9826732673267327 0.9949874686716792
0.9729064039408867 0.9899749373433584
0.9657701711491442 0.9899749373433584
0.9660194174757282 0.9974937343358395
0.9683698296836983 0.9974937343358395
0.9705159705159705 0.9899749373433584
0.9705882352941176 0.9924812030075187
0.9754901960784313 0.9974937343358395
0.9728395061728395 0.9874686716791979
0.9899749373433584 0.9899749373433584
0.9704433497536946 0.9874686716791979
0.9778325123152709 0.9949874686716792
0.9751861042183623 0.9849624060150376
0.9730392156862745 0.9949874686716792
0.9661016949152542 1.0
0.9705159705159705 0.9899749373433584
0.9635922330097088 0.9949874686716792
0.9825870646766169 0.9899749373433584
0.9661016949152542 1.0
0.9635036496350365 0.9924812030075187
0.9589371980676329 0.9949874686716792
0.9566265060240964 0.9949874686716792
0.9452380952380952 0.9949874686716792
0.9778325123152709 0.9949874686716792
0.9751861042183623 0.9849624060150376
0.9612590799031477 0.9949874686716792
0.9851116625310173 0.9949874686716792
0.9587378640776699 0.9899749373433584
0.9754299754299754 0.9949874686716792
0.9705882352941176 0.9924812030075187
0.9612590799031477 0.9949874686716792
0.9612590799031477 0.9949874686716792
0.9611650485436893 0.9924812030075187
0.9705882352941176 0.9924812030075187
0.9541062801932367 0.9899749373433584
0.9588377723970944 0.9924812030075187
0.9706601466992665 0.9949874686716792
0.9635036496350365 0.9924812030075187
0.9637681159420289 1.0
0.9731051344743277 0.9974937343358395
0.9705882352941176 0.9924812030075187
0.9590361445783132 0.9974937343358395
0.9777227722772277 0.9899749373433584
0.9406175771971497 0.9924812030075187
0.9656862745098039 0.9874686716791979
0.9497607655502392 0.9949874686716792
0.9778869778869779 0.9974937343358395
0.9682926829268292 0.9949874686716792
0.9589371980676329 0.9949874686716792
0.9567307692307693 0.9974937343358395
0.9730392156862745 0.9949874686716792
0.9657701711491442 0.9899749373433584
0.9588377723970944 0.9924812030075187
0.9660194174757282 0.9974937343358395
0.961352657004831 0.9974937343358395
0.9564164648910412 0.9899749373433584
0.9635036496350365 0.9924812030075187
0.9707317073170731 0.9974937343358395
0.9729064039408867 0.9899749373433584
0.9850746268656716 0.9924812030075187
0.9633251833740831 0.9874686716791979
0.9706601466992665 0.9949874686716792
0.9703703703703703 0.9849624060150376
0.9705882352941176 0.9924812030075187
0.9591346153846154 1.0
0.9681372549019608 0.9899749373433584
0.9566265060240964 0.9949874686716792
0.9776674937965261 0.9874686716791979
0.9661016949152542 1.0
0.9519230769230769 0.9924812030075187
0.9612590799031477 0.9949874686716792
0.9589371980676329 0.9949874686716792
0.9385342789598109 0.9949874686716792
0.9754299754299754 0.9949874686716792
0.9705159705159705 0.9899749373433584
0.9566265060240964 0.9949874686716792
0.980246913580247 0.9949874686716792
0.9564164648910412 0.9899749373433584
0.9706601466992665 0.9949874686716792
0.9682151589242054 0.9924812030075187
0.9612590799031477 0.9949874686716792
0.9635922330097088 0.9949874686716792
0.9611650485436893 0.9924812030075187
0.9658536585365853 0.9924812030075187
0.947242206235012 0.9899749373433584
0.9542168674698795 0.9924812030075187
0.9612590799031477 0.9949874686716792
0.9543269230769231 0.9949874686716792
0.9545454545454546 1.0
0.9778869778869779 0.9974937343358395
0.9682151589242054 0.9924812030075187
0.9544364508393285 0.9974937343358395
0.9801488833746899 0.9899749373433584
0.9339622641509434 0.9924812030075187
0.9680589680589681 0.9874686716791979
0.9452380952380952 0.9949874686716792
0.9683698296836983 0.9974937343358395
0.9659367396593674 0.9949874686716792
0.9565217391304348 0.9924812030075187
0.943127962085308 0.9974937343358395
0.9730392156862745 0.9949874686716792
0.9657701711491442 0.9899749373433584
0.9519230769230769 0.9924812030075187
0.961352657004831 0.9974937343358395
0.9590361445783132 0.9974937343358395
0.9541062801932367 0.9899749373433584
0.9611650485436893 0.9924812030075187
0.9707317073170731 0.9974937343358395
0.9704433497536946 0.9874686716791979
0.972972972972973 0.9924812030075187
0.9586374695863747 0.9874686716791979
0.9682151589242054 0.9924812030075187
0.9656019656019657 0.9849624060150376
0.9660194174757282 0.9974937343358395
0.9522673031026253 1.0
0.9587378640776699 0.9899749373433584
0.9497607655502392 0.9949874686716792
0.9753086419753086 0.9899749373433584
0.9591346153846154 1.0
0.9406175771971497 0.9924812030075187
0.9543269230769231 0.9949874686716792
0.9543269230769231 0.9949874686716792
0.9363207547169812 0.9949874686716792
0.9754299754299754 0.9949874686716792
0.9633251833740831 0.9874686716791979
0.9566265060240964 0.9949874686716792
0.9754299754299754 0.9949874686716792
0.9518072289156626 0.9899749373433584
0.9589371980676329 0.9949874686716792
0.9635922330097088 0.9949874686716792
0.9543269230769231 0.9949874686716792
0.9589371980676329 0.9949874686716792
0.9519230769230769 0.9924812030075187
0.9611650485436893 0.9924812030075187
0.9449760765550239 0.9899749373433584
0.9496402877697842 0.9924812030075187
0.9566265060240964 0.9949874686716792
0.9521531100478469 0.9974937343358395
0.9568345323741008 1.0
0.9683698296836983 0.9974937343358395
0.9635036496350365 0.9924812030075187
0.9476190476190476 0.9974937343358395
0.9729064039408867 0.9899749373433584
0.9295774647887324 0.9924812030075187
0.9563106796116505 0.9874686716791979
0.9474940334128878 0.9949874686716792
0.9521531100478469 0.9974937343358395
0.9660194174757282 0.9974937343358395
0.9542168674698795 0.9924812030075187
0.9386792452830188 0.9974937343358395
0.9612590799031477 0.9949874686716792
0.9588377723970944 0.9924812030075187
0.9496402877697842 0.9924812030075187
0.9476190476190476 0.9974937343358395
0.9544364508393285 0.9974937343358395
0.9495192307692307 0.9899749373433584
0.9565217391304348 0.9924812030075187
0.9660194174757282 0.9974937343358395
0.9610705596107056 0.9899749373433584
0.9705882352941176 0.9924812030075187
0.9563106796116505 0.9874686716791979
0.9635036496350365 0.9924812030075187
0.9656019656019657 0.9849624060150376
0.9635036496350365 0.9924812030075187
0.9477434679334917 1.0
0.9541062801932367 0.9899749373433584
0.9429928741092637 0.9949874686716792
0.9753086419753086 0.9899749373433584
0.9614457831325302 1.0
0.9361702127659575 0.9924812030075187
0.9474940334128878 0.9949874686716792
0.9497607655502392 0.9949874686716792
0.9254079254079254 0.9949874686716792
0.9706601466992665 0.9949874686716792
0.9541062801932367 0.9899749373433584
0.9543269230769231 0.9949874686716792
0.9659367396593674 0.9949874686716792
0.9449760765550239 0.9899749373433584
0.9520383693045563 0.9949874686716792
0.9612590799031477 0.9949874686716792
0.9452380952380952 0.9949874686716792
0.9520383693045563 0.9949874686716792
0.9496402877697842 0.9924812030075187
0.9565217391304348 0.9924812030075187
0.933806146572104 0.9899749373433584
0.9473684210526315 0.9924812030075187
0.9474940334128878 0.9949874686716792
0.9476190476190476 0.9974937343358395
0.95 1.0
0.9636803874092009 0.9974937343358395
0.9635036496350365 0.9924812030075187
0.9453681710213777 0.9974937343358395
0.9729064039408867 0.9899749373433584
0.9295774647887324 0.9924812030075187
0.9516908212560387 0.9874686716791979
0.9385342789598109 0.9949874686716792
0.9476190476190476 0.9974937343358395
0.9589371980676329 0.9949874686716792
0.9496402877697842 0.9924812030075187
0.9320843091334895 0.9974937343358395
0.9589371980676329 0.9949874686716792
0.9635036496350365 0.9924812030075187
0.9428571428571428 0.9924812030075187
0.9476190476190476 0.9974937343358395
0.9521531100478469 0.9974937343358395
0.9449760765550239 0.9899749373433584
0.9519230769230769 0.9924812030075187
0.9636803874092009 0.9974937343358395
0.9539951573849879 0.9874686716791979
0.9729064039408867 0.9899749373433584
0.9539951573849879 0.9874686716791979
0.9496402877697842 0.9924812030075187
0.9609756097560975 0.9874686716791979
0.9496402877697842 0.9924812030075187
0.9388235294117647 1.0
0.9449760765550239 0.9899749373433584
0.9452380952380952 0.9949874686716792
0.9705159705159705 0.9899749373433584
0.9591346153846154 1.0
0.9361702127659575 0.9924812030075187
0.9452380952380952 0.9949874686716792
0.9429928741092637 0.9949874686716792
0.9254079254079254 0.9949874686716792
0.9682926829268292 0.9949874686716792
0.9515738498789347 0.9849624060150376
0.9520383693045563 0.9949874686716792
0.9635922330097088 0.9949874686716792
0.9427207637231504 0.9899749373433584
0.9452380952380952 0.9949874686716792
0.9520383693045563 0.9949874686716792
0.9385342789598109 0.9949874686716792
0.9520383693045563 0.9949874686716792
0.9428571428571428 0.9924812030075187
0.9383886255924171 0.9924812030075187
0.933806146572104 0.9899749373433584
0.9428571428571428 0.9924812030075187
0.9363207547169812 0.9949874686716792
0.9453681710213777 0.9974937343358395
0.9410377358490566 1.0
0.961352657004831 0.9974937343358395
0.9611650485436893 0.9924812030075187
0.9386792452830188 0.9974937343358395
0.9634146341463414 0.9899749373433584
0.9209302325581395 0.9924812030075187
0.9493975903614458 0.9874686716791979
0.931924882629108 0.9949874686716792
0.943127962085308 0.9974937343358395
0.9589371980676329 0.9949874686716792
0.9383886255924171 0.9924812030075187
0.9320843091334895 0.9974937343358395
0.9543269230769231 0.9949874686716792
0.9495192307692307 0.9899749373433584
0.9361702127659575 0.9924812030075187
0.9498806682577565 0.9974937343358395
0.9521531100478469 0.9974937343358395
0.9449760765550239 0.9899749373433584
0.9473684210526315 0.9924812030075187
0.9590361445783132 0.9974937343358395
0.947242206235012 0.9899749373433584
0.9682151589242054 0.9924812030075187
0.9493975903614458 0.9874686716791979
0.9519230769230769 0.9924812030075187
0.9515738498789347 0.9849624060150376
0.9497607655502392 0.9949874686716792
0.9388235294117647 1.0
0.9449760765550239 0.9899749373433584
0.9363207547169812 0.9949874686716792
0.9681372549019608 0.9899749373433584
0.9522673031026253 1.0
0.9295774647887324 0.9924812030075187
0.9407582938388626 0.9949874686716792
0.9407582938388626 0.9949874686716792
0.9126436781609195 0.9949874686716792
0.9635922330097088 0.9949874686716792
0.9518072289156626 0.9899749373433584
0.9363207547169812 0.9949874686716792
0.9543269230769231 0.9949874686716792
0.933806146572104 0.9899749373433584
0.9407582938388626 0.9949874686716792
0.9497607655502392 0.9949874686716792
0.9363207547169812 0.9949874686716792
0.9497607655502392 0.9949874686716792
0.9428571428571428 0.9924812030075187
0.9317647058823529 0.9924812030075187
0.9294117647058824 0.9899749373433584
0.9383886255924171 0.9924812030075187
0.9407582938388626 0.9949874686716792
0.9453681710213777 0.9974937343358395
0.9366197183098591 1.0
0.9590361445783132 0.9974937343358395
0.9542168674698795 0.9924812030075187
0.9342723004694836 0.9974937343358395
0.9633251833740831 0.9874686716791979
0.9187935034802784 0.9924812030075187
0.9471153846153846 0.9874686716791979
0.9297423887587822 0.9949874686716792
0.9408983451536643 0.9974937343358395
0.943127962085308 0.9974937343358395
0.9383886255924171 0.9924812030075187
0.9234338747099768 0.9974937343358395
0.9520383693045563 0.9949874686716792
0.9382422802850356 0.9899749373433584
0.9383886255924171 0.9924812030075187
0.9364705882352942 0.9974937343358395
0.9476190476190476 0.9974937343358395
0.9404761904761905 0.9899749373433584
0.9406175771971497 0.9924812030075187
0.9521531100478469 0.9974937343358395
0.9518072289156626 0.9899749373433584
0.9635036496350365 0.9924812030075187
0.9471153846153846 0.9874686716791979
0.9474940334128878 0.9949874686716792
0.9492753623188406 0.9849624060150376
0.9473684210526315 0.9924812030075187
0.9344262295081968 1.0
0.9360189573459715 0.9899749373433584
0.9341176470588235 0.9949874686716792
0.9705159705159705 0.9899749373433584
0.9477434679334917 1.0
0.9250585480093677 0.9899749373433584
0.9385342789598109 0.9949874686716792
0.9341176470588235 0.9949874686716792
0.9126436781609195 0.9949874686716792
0.9589371980676329 0.9949874686716792
0.9493975903614458 0.9874686716791979
0.927570093457944 0.9949874686716792
0.9543269230769231 0.9949874686716792
0.9272300469483568 0.9899749373433584
0.931924882629108 0.9949874686716792
0.9451073985680191 0.9924812030075187
0.9341176470588235 0.9949874686716792
0.9452380952380952 0.9949874686716792
0.9383886255924171 0.9924812030075187
0.9252336448598131 0.9924812030075187
0.9250585480093677 0.9899749373433584
0.9252336448598131 0.9924812030075187
0.9297423887587822 0.9949874686716792
0.9385342789598109 0.9949874686716792
0.9300699300699301 1.0
0.9498806682577565 0.9974937343358395
0.9496402877697842 0.9924812030075187
0.9299065420560748 0.9974937343358395
0.9518072289156626 0.9899749373433584
0.9166666666666666 0.9924812030075187
0.9425837320574163 0.9874686716791979
0.931924882629108 0.9949874686716792
0.9320843091334895 0.9974937343358395
0.931924882629108 0.9949874686716792
0.9317647058823529 0.9924812030075187
0.9170506912442397 0.9974937343358395
0.9474940334128878 0.9949874686716792
0.9361702127659575 0.9924812030075187
0.9317647058823529 0.9924812030075187
0.9299065420560748 0.9974937343358395
0.9476190476190476 0.9974937343358395
0.9382422802850356 0.9899749373433584
0.9361702127659575 0.9924812030075187
0.943127962085308 0.9974937343358395
0.9425837320574163 0.9874686716791979
0.9541062801932367 0.9899749373433584
0.9358669833729216 0.9874686716791979
0.9385342789598109 0.9949874686716792
0.9492753623188406 0.9849624060150376
0.9428571428571428 0.9924812030075187
0.9344262295081968 1.0
0.933649289099526 0.9874686716791979
0.9341176470588235 0.9949874686716792
0.9634146341463414 0.9899749373433584
0.9388235294117647 1.0
0.9252336448598131 0.9924812030075187
0.927570093457944 0.9949874686716792
0.9232558139534883 0.9949874686716792
0.906392694063927 0.9949874686716792
0.9543269230769231 0.9949874686716792
0.9495192307692307 0.9899749373433584
0.9297423887587822 0.9949874686716792
0.9429928741092637 0.9949874686716792
0.9186046511627907 0.9899749373433584
0.9254079254079254 0.9949874686716792
0.9383886255924171 0.9924812030075187
0.9363207547169812 0.9949874686716792
0.9429928741092637 0.9949874686716792
0.9361702127659575 0.9924812030075187
0.9103448275862069 0.9924812030075187
0.9164733178654292 0.9899749373433584
0.9252336448598131 0.9924812030075187
0.9212962962962963 0.9974937343358395
0.9234338747099768 0.9974937343358395
0.9366197183098591 1.0
0.9498806682577565 0.9974937343358395
0.9406175771971497 0.9924812030075187
0.9255813953488372 0.9974937343358395
0.9495192307692307 0.9899749373433584
0.9061784897025171 0.9924812030075187
0.9314420803782506 0.9874686716791979
0.927570093457944 0.9949874686716792
0.9299065420560748 0.9974937343358395
0.9232558139534883 0.9949874686716792
0.9317647058823529 0.9924812030075187
0.9128440366972477 0.9974937343358395
0.9429928741092637 0.9949874686716792
0.9317647058823529 0.9924812030075187
0.9339622641509434 0.9924812030075187
0.9342723004694836 0.9974937343358395
0.943127962085308 0.9974937343358395
0.9316037735849056 0.9899749373433584
0.9339622641509434 0.9924812030075187
0.9386792452830188 0.9974937343358395
0.9404761904761905 0.9899749373433584
0.947242206235012 0.9899749373433584
0.933806146572104 0.9899749373433584
0.9254079254079254 0.9949874686716792
0.9401913875598086 0.9849624060150376
0.9383886255924171 0.9924812030075187
0.9279069767441861 1.0
0.9294117647058824 0.9899749373433584
0.9297423887587822 0.9949874686716792
0.9610705596107056 0.9899749373433584
0.9279069767441861 1.0
0.9103448275862069 0.9924812030075187
0.9232558139534883 0.9949874686716792
0.9254079254079254 0.9949874686716792
0.9043280182232346 0.9949874686716792
0.9566265060240964 0.9949874686716792
0.9427207637231504 0.9899749373433584
0.927570093457944 0.9949874686716792
0.9363207547169812 0.9949874686716792
0.9186046511627907 0.9899749373433584
0.9211136890951276 0.9949874686716792
0.9339622641509434 0.9924812030075187
0.9341176470588235 0.9949874686716792
0.9385342789598109 0.9949874686716792
0.9295774647887324 0.9924812030075187
0.9124423963133641 0.9924812030075187
0.9207459207459208 0.9899749373433584
0.9230769230769231 0.9924812030075187
0.9126436781609195 0.9949874686716792
0.9209302325581395 0.9924812030075187
0.9322429906542056 1.0
0.9498806682577565 0.9974937343358395
0.9339622641509434 0.9924812030075187
0.9299065420560748 0.9974937343358395
0.947242206235012 0.9899749373433584
0.9 0.9924812030075187
0.9292452830188679 0.9874686716791979
0.9232558139534883 0.9949874686716792
0.9191685912240185 0.9974937343358395
0.9168591224018475 0.9949874686716792
0.9252336448598131 0.9924812030075187
0.9107551487414187 0.9974937343358395
0.9407582938388626 0.9949874686716792
0.9254079254079254 0.9949874686716792
0.9295774647887324 0.9924812030075187
0.9299065420560748 0.9974937343358395
0.9386792452830188 0.9974937343358395
0.9186046511627907 0.9899749373433584
0.9361702127659575 0.9924812030075187
0.9320843091334895 0.9974937343358395
0.933649289099526 0.9874686716791979
0.9451073985680191 0.9924812030075187
0.9248826291079812 0.9874686716791979
0.927400468384075 0.9924812030075187
0.9312796208530806 0.9849624060150376
0.9407582938388626 0.9949874686716792
0.9193548387096774 1.0
0.9272300469483568 0.9899749373433584
0.927570093457944 0.9949874686716792
0.9587378640776699 0.9899749373433584
0.9214780600461894 1.0
0.908256880733945 0.9924812030075187
0.9254079254079254 0.9949874686716792
0.9211136890951276 0.9949874686716792
0.9002267573696145 0.9949874686716792
0.9497607655502392 0.9949874686716792
0.9382422802850356 0.9899749373433584
0.9254079254079254 0.9949874686716792
0.9386792452830188 0.9974937343358395
0.9164733178654292 0.9899749373433584
0.9168591224018475 0.9949874686716792
0.931924882629108 0.9949874686716792
0.927570093457944 0.9949874686716792
0.9363207547169812 0.9949874686716792
0.9166666666666666 0.9924812030075187
0.9103448275862069 0.9924812030075187
0.9059633027522935 0.9899749373433584
0.9186046511627907 0.9899749373433584
0.9105504587155964 0.9949874686716792
0.9189814814814815 0.9949874686716792
0.925754060324826 1.0
0.9498806682577565 0.9974937343358395
0.9295774647887324 0.9924812030075187
0.9255813953488372 0.9974937343358395
0.9428571428571428 0.9924812030075187
0.8959276018099548 0.9924812030075187
0.9162790697674419 0.9874686716791979
0.9254079254079254 0.9949874686716792
0.9170506912442397 0.9974937343358395
0.9126436781609195 0.9949874686716792
0.9230769230769231 0.9924812030075187
0.908675799086758 0.9974937343358395
0.9407582938388626 0.9949874686716792
0.9207459207459208 0.9899749373433584
0.9209302325581395 0.9924812030075187
0.9299065420560748 0.9974937343358395
0.9364705882352942 0.9974937343358395
0.9143518518518519 0.9899749373433584
0.9295774647887324 0.9924812030075187
0.9234338747099768 0.9974937343358395
0.9292452830188679 0.9874686716791979
0.9428571428571428 0.9924812030075187
0.9184149184149184 0.9874686716791979
0.9232558139534883 0.9949874686716792
0.9314420803782506 0.9874686716791979
0.9363207547169812 0.9949874686716792
0.9151376146788991 1.0
0.9228971962616822 0.9899749373433584
0.9297423887587822 0.9949874686716792
0.9587378640776699 0.9899749373433584
0.9214780600461894 1.0
0.8979591836734694 0.9924812030075187
0.9211136890951276 0.9949874686716792
0.9168591224018475 0.9949874686716792
0.8961625282167043 0.9949874686716792
0.9474940334128878 0.9949874686716792
0.9295774647887324 0.9924812030075187
0.9189814814814815 0.9949874686716792
0.9385342789598109 0.9949874686716792
0.9143518518518519 0.9899749373433584
0.9126436781609195 0.9949874686716792
0.927400468384075 0.9924812030075187
0.9211136890951276 0.9949874686716792
0.9341176470588235 0.9949874686716792
0.9124423963133641 0.9924812030075187
0.9061784897025171 0.9924812030075187
0.9059633027522935 0.9899749373433584
0.9103448275862069 0.9924812030075187
0.9084668192219679 0.9949874686716792
0.9147465437788018 0.9949874686716792
0.9214780600461894 1.0
0.9408983451536643 0.9974937343358395
0.9317647058823529 0.9924812030075187
0.9170506912442397 0.9974937343358395
0.9312796208530806 0.9849624060150376
0.8979591836734694 0.9924812030075187
0.91415313225058 0.9874686716791979
0.9212962962962963 0.9974937343358395
0.9128440366972477 0.9974937343358395
0.9105504587155964 0.9949874686716792
0.9187935034802784 0.9924812030075187
0.8984198645598194 0.9974937343358395
0.931924882629108 0.9949874686716792
0.9186046511627907 0.9899749373433584
0.9145496535796767 0.9924812030075187
0.9191685912240185 0.9974937343358395
0.9320843091334895 0.9974937343358395
0.9080459770114943 0.9899749373433584
0.9166666666666666 0.9924812030075187
0.9170506912442397 0.9974937343358395
0.9186046511627907 0.9899749373433584
0.9473684210526315 0.9924812030075187
0.9184149184149184 0.9874686716791979
0.9211136890951276 0.9949874686716792
0.9268867924528302 0.9849624060150376
0.931924882629108 0.9949874686716792
0.908883826879271 1.0
0.9186046511627907 0.9899749373433584
0.9232558139534883 0.9949874686716792
0.9541062801932367 0.9899749373433584
0.9193548387096774 1.0
0.8959276018099548 0.9924812030075187
0.9168591224018475 0.9949874686716792
0.9105504587155964 0.9949874686716792
0.8921348314606742 0.9949874686716792
0.9474940334128878 0.9949874686716792
0.9164733178654292 0.9899749373433584
0.9126436781609195 0.9949874686716792
0.9297423887587822 0.9949874686716792
0.8977272727272727 0.9899749373433584
0.9084668192219679 0.9949874686716792
0.9232558139534883 0.9949874686716792
0.9168591224018475 0.9949874686716792
0.9297423887587822 0.9949874686716792
0.908256880733945 0.9924812030075187
0.9041095890410958 0.9924812030075187
0.9059633027522935 0.9899749373433584
0.9041095890410958 0.9924812030075187
0.9126436781609195 0.9949874686716792
0.9105504587155964 0.9949874686716792
0.9151376146788991 1.0
0.9386792452830188 0.9974937343358395
0.927400468384075 0.9924812030075187
0.9128440366972477 0.9974937343358395
0.9316037735849056 0.9899749373433584
0.8898876404494382 0.9924812030075187
0.8995433789954338 0.9874686716791979
0.9126436781609195 0.9949874686716792
0.9066059225512528 0.9974937343358395
0.9084668192219679 0.9949874686716792
0.9084668192219679 0.9949874686716792
0.9024943310657596 0.9974937343358395
0.931924882629108 0.9949874686716792
0.9145496535796767 0.9924812030075187
0.9145496535796767 0.9924812030075187
0.9149425287356322 0.9974937343358395
0.9255813953488372 0.9974937343358395
0.9038901601830663 0.9899749373433584
0.908256880733945 0.9924812030075187
0.9066059225512528 0.9974937343358395
0.9248826291079812 0.9874686716791979
0.9382422802850356 0.9899749373433584
0.9162790697674419 0.9874686716791979
0.9230769230769231 0.9924812030075187
0.9203747072599532 0.9849624060150376
0.9252336448598131 0.9924812030075187
0.9068181818181819 1.0
0.9101382488479263 0.9899749373433584
0.9105504587155964 0.9949874686716792
0.9449760765550239 0.9899749373433584
0.9068181818181819 1.0
0.8939051918735892 0.9924812030075187
0.906392694063927 0.9949874686716792
0.9022727272727272 0.9949874686716792
0.8861607142857143 0.9949874686716792
0.9407582938388626 0.9949874686716792
0.9101382488479263 0.9899749373433584
0.9126436781609195 0.9949874686716792
0.9297423887587822 0.9949874686716792
0.8936651583710408 0.9899749373433584
0.9043280182232346 0.9949874686716792
0.9187935034802784 0.9924812030075187
0.9105504587155964 0.9949874686716792
0.927570093457944 0.9949874686716792
0.9 0.9924812030075187
0.9 0.9924812030075187
0.8977272727272727 0.9899749373433584
0.8979591836734694 0.9924812030075187
0.906392694063927 0.9949874686716792
0.9022727272727272 0.9949874686716792
0.9130434782608695 1.0
0.9386792452830188 0.9974937343358395
0.9166666666666666 0.9924812030075187
0.9107551487414187 0.9974937343358395
0.9228971962616822 0.9899749373433584
0.8859060402684564 0.9924812030075187
0.8954545454545455 0.9874686716791979
0.906392694063927 0.9949874686716792
0.9024943310657596 0.9974937343358395
0.9022727272727272 0.9949874686716792
0.908256880733945 0.9924812030075187
0.8883928571428571 0.9974937343358395
0.927570093457944 0.9949874686716792
0.9103448275862069 0.9924812030075187
0.9145496535796767 0.9924812030075187
0.9128440366972477 0.9974937343358395
0.9170506912442397 0.9974937343358395
0.9018264840182648 0.9899749373433584
0.9020501138952164 0.9924812030075187
0.9066059225512528 0.9974937343358395
0.9207459207459208 0.9899749373433584
0.9317647058823529 0.9924812030075187
0.9164733178654292 0.9899749373433584
0.9189814814814815 0.9949874686716792
0.916083916083916 0.9849624060150376
0.9187935034802784 0.9924812030075187
0.9047619047619048 1.0
0.8997722095671982 0.9899749373433584
0.9084668192219679 0.9949874686716792
0.9427207637231504 0.9899749373433584
0.9006772009029346 1.0
0.8979591836734694 0.9924812030075187
0.9189814814814815 0.9949874686716792
0.9002267573696145 0.9949874686716792
0.8783185840707964 0.9949874686716792
0.9407582938388626 0.9949874686716792
0.9059633027522935 0.9899749373433584
0.9105504587155964 0.9949874686716792
0.9297423887587822 0.9949874686716792
0.8876404494382022 0.9899749373433584
0.9043280182232346 0.9949874686716792
0.9168591224018475 0.9949874686716792
0.9043280182232346 0.9949874686716792
0.9211136890951276 0.9949874686716792
0.8979591836734694 0.9924812030075187
0.8977272727272727 0.9899749373433584
0.8977272727272727 0.9899749373433584
0.8918918918918919 0.9924812030075187
0.9084668192219679 0.9949874686716792
0.8963963963963963 0.9974937343358395
0.9068181818181819 1.0
0.9277389277389277 0.9974937343358395
0.908256880733945 0.9924812030075187
0.9107551487414187 0.9974937343358395
0.9228971962616822 0.9899749373433584
0.8878923766816144 0.9924812030075187
0.89749430523918 0.9874686716791979
0.8941441441441441 0.9949874686716792
0.8943820224719101 0.9974937343358395
0.8881431767337807 0.9949874686716792
0.9105504587155964 0.9949874686716792
0.8844444444444445 0.9974937343358395
0.927570093457944 0.9949874686716792
0.8997722095671982 0.9899749373433584
0.9059633027522935 0.9899749373433584
0.9107551487414187 0.9974937343358395
0.9128440366972477 0.9974937343358395
0.8956916099773242 0.9899749373433584
0.9 0.9924812030075187
0.9004524886877828 0.9974937343358395
0.91415313225058 0.9874686716791979
0.9339622641509434 0.9924812030075187
0.9036697247706422 0.9874686716791979
0.9124423963133641 0.9924812030075187
0.9055299539170507 0.9849624060150376
0.9147465437788018 0.9949874686716792
0.8986486486486487 1.0
0.9080459770114943 0.9899749373433584
0.9022727272727272 0.9949874686716792
0.9360189573459715 0.9899749373433584
0.9006772009029346 1.0
0.8898876404494382 0.9924812030075187
0.9022727272727272 0.9949874686716792
0.8941441441441441 0.9949874686716792
0.8725274725274725 0.9949874686716792
0.9429928741092637 0.9949874686716792
0.9057471264367816 0.9874686716791979
0.9022727272727272 0.9949874686716792
0.9211136890951276 0.9949874686716792
0.8896396396396397 0.9899749373433584
0.9002267573696145 0.9949874686716792
0.9043280182232346 0.9949874686716792
0.9002267573696145 0.9949874686716792
0.9126436781609195 0.9949874686716792
0.8898876404494382 0.9924812030075187
0.8839285714285714 0.9924812030075187
0.8977272727272727 0.9899749373433584
0.8878923766816144 0.9924812030075187
0.9105504587155964 0.9949874686716792
0.8881431767337807 0.9949874686716792
0.9047619047619048 1.0
0.9277389277389277 0.9974937343358395
0.9061784897025171 0.9924812030075187
0.9004524886877828 0.9974937343358395
0.9143518518518519 0.9899749373433584
0.8819599109131403 0.9924812030075187
0.8954545454545455 0.9874686716791979
0.8841870824053452 0.9949874686716792
0.8883928571428571 0.9974937343358395
0.8881431767337807 0.9949874686716792
0.9041095890410958 0.9924812030075187
0.8785871964679912 0.9974937343358395
0.9254079254079254 0.9949874686716792
0.8939051918735892 0.9924812030075187
0.8956916099773242 0.9899749373433584
0.9066059225512528 0.9974937343358395
0.9024943310657596 0.9974937343358395
0.8896396396396397 0.9899749373433584
0.8939051918735892 0.9924812030075187
0.8943820224719101 0.9974937343358395
0.9164733178654292 0.9899749373433584
0.9207459207459208 0.9899749373433584
0.9036697247706422 0.9874686716791979
0.9061784897025171 0.9924812030075187
0.9055299539170507 0.9849624060150376
0.9103448275862069 0.9924812030075187
0.8986486486486487 1.0
0.8995433789954338 0.9874686716791979
0.8941441441441441 0.9949874686716792
0.9294117647058824 0.9899749373433584
0.8966292134831461 1.0
0.8878923766816144 0.9924812030075187
0.9043280182232346 0.9949874686716792
0.8941441441441441 0.9949874686716792
0.8649237472766884 0.9949874686716792
0.9363207547169812 0.9949874686716792
0.9036697247706422 0.9874686716791979
0.8961625282167043 0.9949874686716792
0.9232558139534883 0.9949874686716792
0.8777777777777778 0.9899749373433584
0.8941441441441441 0.9949874686716792
0.9043280182232346 0.9949874686716792
0.8901345291479821 0.9949874686716792
0.9002267573696145 0.9949874686716792
0.8878923766816144 0.9924812030075187
0.883668903803132 0.9899749373433584
0.8896396396396397 0.9899749373433584
0.8758314855875832 0.9899749373433584
0.9022727272727272 0.9949874686716792
0.8864142538975501 0.9974937343358395
0.9047619047619048 1.0
0.9234338747099768 0.9974937343358395
0.9020501138952164 0.9924812030075187
0.8984198645598194 0.9974937343358395
0.9101382488479263 0.9899749373433584
0.8819599109131403 0.9924812030075187
0.8914027149321267 0.9874686716791979
0.8822222222222222 0.9949874686716792
0.8864142538975501 0.9974937343358395
0.8901345291479821 0.9949874686716792
0.8959276018099548 0.9924812030075187
0.8785871964679912 0.9974937343358395
0.9232558139534883 0.9949874686716792
0.8939051918735892 0.9924812030075187
0.8997722095671982 0.9899749373433584
0.908675799086758 0.9974937343358395
0.8963963963963963 0.9974937343358395
0.8816964285714286 0.9899749373433584
0.8939051918735892 0.9924812030075187
0.8903803131991052 0.9974937343358395
0.9186046511627907 0.9899749373433584
0.9187935034802784 0.9924812030075187
0.8995433789954338 0.9874686716791979
0.9084668192219679 0.9949874686716792
0.9013761467889908 0.9849624060150376
0.9061784897025171 0.9924812030075187
0.8946188340807175 1.0
0.8977272727272727 0.9899749373433584
0.8901345291479821 0.9949874686716792
0.9162790697674419 0.9874686716791979
0.888641425389755 1.0
0.8859060402684564 0.9924812030075187
0.8941441441441441 0.9949874686716792
0.8881431767337807 0.9949874686716792
0.8482905982905983 0.9949874686716792
0.931924882629108 0.9949874686716792
0.8995433789954338 0.9874686716791979
0.8941441441441441 0.9949874686716792
0.9232558139534883 0.9949874686716792
0.8777777777777778 0.9899749373433584
0.8881431767337807 0.9949874686716792
0.9043280182232346 0.9949874686716792
0.8783185840707964 0.9949874686716792
0.8961625282167043 0.9949874686716792
0.8839285714285714 0.9924812030075187
0.8878923766816144 0.9924812030075187
0.8856502242152466 0.9899749373433584
0.8761061946902655 0.9924812030075187
0.9043280182232346 0.9949874686716792
0.8802660753880266 0.9949874686716792
0.9047619047619048 1.0
0.9107551487414187 0.9974937343358395
0.9 0.9924812030075187
0.9024943310657596 0.9974937343358395
0.9101382488479263 0.9899749373433584
0.8741721854304636 0.9924812030075187
0.8893905191873589 0.9874686716791979
0.8802660753880266 0.9949874686716792
0.8785871964679912 0.9974937343358395
0.8822222222222222 0.9949874686716792
0.8979591836734694 0.9924812030075187
0.8747252747252747 0.9974937343358395
0.9168591224018475 0.9949874686716792
0.88 0.9924812030075187
0.8878923766816144 0.9924812030075187
0.9045454545454545 0.9974937343358395
0.8844444444444445 0.9974937343358395
0.8797327394209354 0.9899749373433584
0.8898876404494382 0.9924812030075187
0.8747252747252747 0.9974937343358395
0.91415313225058 0.9874686716791979
0.9228971962616822 0.9899749373433584
0.8954545454545455 0.9874686716791979
0.9043280182232346 0.9949874686716792
0.8952164009111617 0.9849624060150376
0.9020501138952164 0.9924812030075187
0.8946188340807175 1.0
0.89749430523918 0.9874686716791979
0.8941441441441441 0.9949874686716792
0.9143518518518519 0.9899749373433584
0.890625 1.0
0.8839285714285714 0.9924812030075187
0.8861607142857143 0.9949874686716792
0.8861607142857143 0.9949874686716792
0.8482905982905983 0.9949874686716792
0.9254079254079254 0.9949874686716792
0.8977272727272727 0.9899749373433584
0.8881431767337807 0.9949874686716792
0.9126436781609195 0.9949874686716792
0.8738938053097345 0.9899749373433584
0.8901345291479821 0.9949874686716792
0.8881431767337807 0.9949874686716792
0.8763796909492274 0.9949874686716792
0.8921348314606742 0.9949874686716792
0.8761061946902655 0.9924812030075187
0.8816964285714286 0.9899749373433584
0.8816964285714286 0.9899749373433584
0.868421052631579 0.9924812030075187
0.8921348314606742 0.9949874686716792
0.8725274725274725 0.9949874686716792
0.8926174496644296 1.0
0.9149425287356322 0.9974937343358395
0.8979591836734694 0.9924812030075187
0.8943820224719101 0.9974937343358395
0.9057471264367816 0.9874686716791979
0.8703296703296703 0.9924812030075187
0.8794642857142857 0.9874686716791979
0.8725274725274725 0.9949874686716792
0.8805309734513275 0.9974937343358395
0.8783185840707964 0.9949874686716792
0.8918918918918919 0.9924812030075187
0.8652173913043478 0.9974937343358395
0.9147465437788018 0.9949874686716792
0.8722466960352423 0.9924812030075187
0.883668903803132 0.9899749373433584
0.8984198645598194 0.9974937343358395
0.8805309734513275 0.9974937343358395
0.8797327394209354 0.9899749373433584
0.8898876404494382 0.9924812030075187
0.8747252747252747 0.9974937343358395
0.9078341013824884 0.9874686716791979
0.9103448275862069 0.9924812030075187
0.8914027149321267 0.9874686716791979
0.9 0.9924812030075187
0.8931818181818182 0.9849624060150376
0.9020501138952164 0.9924812030075187
0.8866666666666667 1.0
0.8936651583710408 0.9899749373433584
0.8941441441441441 0.9949874686716792
0.9101382488479263 0.9899749373433584
0.8788546255506607 1.0
0.8819599109131403 0.9924812030075187
0.8841870824053452 0.9949874686716792
0.8744493392070485 0.9949874686716792
0.8393234672304439 0.9949874686716792
0.9254079254079254 0.9949874686716792
0.8834080717488789 0.9874686716791979
0.8841870824053452 0.9949874686716792
0.9084668192219679 0.9949874686716792
0.8681318681318682 0.9899749373433584
0.8783185840707964 0.9949874686716792
0.8881431767337807 0.9949874686716792
0.8611713665943601 0.9949874686716792
0.8921348314606742 0.9949874686716792
0.8665207877461707 0.9924812030075187
0.8662280701754386 0.9899749373433584
0.8797327394209354 0.9899749373433584
0.8665207877461707 0.9924812030075187
0.8881431767337807 0.9949874686716792
0.8747252747252747 0.9974937343358395
0.888641425389755 1.0
0.908675799086758 0.9974937343358395
0.8959276018099548 0.9924812030075187
0.8883928571428571 0.9974937343358395
0.8977272727272727 0.9899749373433584
0.8608695652173913 0.9924812030075187
0.8716814159292036 0.9874686716791979
0.8630434782608696 0.9949874686716792
0.8708971553610503 0.9974937343358395
0.8744493392070485 0.9949874686716792
0.8898876404494382 0.9924812030075187
0.8633405639913232 0.9974937343358395
0.9105504587155964 0.9949874686716792
0.8741721854304636 0.9924812030075187
0.8856502242152466 0.9899749373433584
0.8963963963963963 0.9974937343358395
0.8747252747252747 0.9974937343358395
0.8758314855875832 0.9899749373433584
0.8878923766816144 0.9924812030075187
0.8747252747252747 0.9974937343358395
0.9016018306636155 0.9874686716791979
0.9 0.9924812030075187
0.8834080717488789 0.9874686716791979
0.8918918918918919 0.9924812030075187
0.8891402714932126 0.9849624060150376
0.9020501138952164 0.9924812030075187
0.8769230769230769 1.0
0.8896396396396397 0.9899749373433584
0.8901345291479821 0.9949874686716792
0.9059633027522935 0.9899749373433584
0.8807947019867549 1.0
0.8898876404494382 0.9924812030075187
0.8822222222222222 0.9949874686716792
0.8725274725274725 0.9949874686716792
0.8411016949152542 0.9949874686716792
0.9189814814814815 0.9949874686716792
0.8851351351351351 0.9849624060150376
0.8802660753880266 0.9949874686716792
0.9022727272727272 0.9949874686716792
0.8700440528634361 0.9899749373433584
0.8802660753880266 0.9949874686716792
0.8822222222222222 0.9949874686716792
0.8611713665943601 0.9949874686716792
0.8901345291479821 0.9949874686716792
0.8665207877461707 0.9924812030075187
0.868421052631579 0.9924812030075187
0.8816964285714286 0.9899749373433584
0.8571428571428571 0.9924812030075187
0.8802660753880266 0.9949874686716792
0.8671023965141612 0.9974937343358395
0.8769230769230769 1.0
0.908675799086758 0.9974937343358395
0.8918918918918919 0.9924812030075187
0.8824833702882483 0.9974937343358395
0.8977272727272727 0.9899749373433584
0.8497854077253219 0.9924812030075187
0.865934065934066 0.9874686716791979
0.8649237472766884 0.9949874686716792
0.8633405639913232 0.9974937343358395
0.8725274725274725 0.9949874686716792
0.8939051918735892 0.9924812030075187
0.8577586206896551 0.9974937343358395
0.9105504587155964 0.9949874686716792
0.8703296703296703 0.9924812030075187
0.8761061946902655 0.9924812030075187
0.8883928571428571 0.9974937343358395
0.8708971553610503 0.9974937343358395
0.8719646799116998 0.9899749373433584
0.8839285714285714 0.9924812030075187
0.8747252747252747 0.9974937343358395
0.89749430523918 0.9874686716791979
0.8956916099773242 0.9899749373433584
0.8755555555555555 0.9874686716791979
0.88 0.9924812030075187
0.8791946308724832 0.9849624060150376
0.9002267573696145 0.9949874686716792
0.875 1.0
0.8893905191873589 0.9874686716791979
0.8841870824053452 0.9949874686716792
0.9059633027522935 0.9899749373433584
0.8807947019867549 1.0
0.88 0.9924812030075187
0.8841870824053452 0.9949874686716792
0.8668122270742358 0.9949874686716792
0.8253638253638254 0.9949874686716792
0.9084668192219679 0.9949874686716792
0.8853932584269663 0.9874686716791979
0.8802660753880266 0.9949874686716792
0.8961625282167043 0.9949874686716792
0.8624454148471615 0.9899749373433584
0.8841870824053452 0.9949874686716792
0.8783185840707964 0.9949874686716792
0.8593073593073594 0.9949874686716792
0.8861607142857143 0.9949874686716792
0.8627450980392157 0.9924812030075187
0.8646288209606987 0.9924812030075187
0.8681318681318682 0.9899749373433584
0.853448275862069 0.9924812030075187
0.8744493392070485 0.9949874686716792
0.8608695652173913 0.9924812030075187
0.8788546255506607 1.0
0.9066059225512528 0.9974937343358395
0.8839285714285714 0.9924812030075187
0.8844444444444445 0.9974937343358395
0.8876404494382022 0.9899749373433584
0.8443496801705757 0.9924812030075187
0.8546637744034707 0.9874686716791979
0.8668122270742358 0.9949874686716792
0.8559139784946237 0.9974937343358395
0.8706140350877193 0.9949874686716792
0.8898876404494382 0.9924812030075187
0.8614718614718615 0.9974937343358395
0.8981900452488688 0.9949874686716792
0.8531317494600432 0.9899749373433584
0.8741721854304636 0.9924812030075187
0.8844444444444445 0.9974937343358395
0.8728070175438597 0.9974937343358395
0.8643326039387309 0.9899749373433584
0.8839285714285714 0.9924812030075187
0.8708971553610503 0.9974937343358395
0.9036697247706422 0.9874686716791979
0.891647855530474 0.9899749373433584
0.865934065934066 0.9874686716791979
0.8722466960352423 0.9924812030075187
0.8733333333333333 0.9849624060150376
0.8939051918735892 0.9924812030075187
0.8730853391684902 1.0
0.8797327394209354 0.9899749373433584
0.8841870824053452 0.9949874686716792
0.9038901601830663 0.9899749373433584
0.8769230769230769 1.0
0.8761061946902655 0.9924812030075187
0.8668122270742358 0.9949874686716792
0.8630434782608696 0.9949874686716792
0.8185567010309278 0.9949874686716792
0.906392694063927 0.9949874686716792
0.8772321428571429 0.9849624060150376
0.8725274725274725 0.9949874686716792
0.8921348314606742 0.9949874686716792
0.8605664488017429 0.9899749373433584
0.8861607142857143 0.9949874686716792
0.8763796909492274 0.9949874686716792
0.8501070663811563 0.9949874686716792
0.8841870824053452 0.9949874686716792
0.8608695652173913 0.9924812030075187
0.8552915766738661 0.9924812030075187
0.8662280701754386 0.9899749373433584
0.8552915766738661 0.9924812030075187
0.868995633187773 0.9974937343358395
0.853448275862069 0.9924812030075187
0.875 1.0
0.9045454545454545 0.9974937343358395
0.868421052631579 0.9924812030075187
0.8747252747252747 0.9974937343358395
0.883668903803132 0.9899749373433584
0.8479657387580299 0.9924812030075187
0.8436830835117773 0.9874686716791979
0.851931330472103 0.9949874686716792
0.8596112311015118 0.9974937343358395
0.8649237472766884 0.9949874686716792
0.8703296703296703 0.9924812030075187
0.8633405639913232 0.9974937343358395
0.9002267573696145 0.9949874686716792
0.8479657387580299 0.9924812030075187
0.8738938053097345 0.9899749373433584
0.8708971553610503 0.9974937343358395
0.8728070175438597 0.9974937343358395
0.8586956521739131 0.9899749373433584
0.8819599109131403 0.9924812030075187
0.8652173913043478 0.9974937343358395
0.8956916099773242 0.9899749373433584
0.8959276018099548 0.9924812030075187
0.865934065934066 0.9874686716791979
0.8703296703296703 0.9924812030075187
0.8733333333333333 0.9849624060150376
0.8921348314606742 0.9949874686716792
0.8673913043478261 1.0
0.883668903803132 0.9899749373433584
0.8802660753880266 0.9949874686716792
0.9038901601830663 0.9899749373433584
0.8730853391684902 1.0
0.8719646799116998 0.9899749373433584
0.8706140350877193 0.9949874686716792
0.851931330472103 0.9949874686716792
0.8236514522821576 0.9949874686716792
0.9022727272727272 0.9949874686716792
0.8736141906873615 0.9874686716791979
0.8630434782608696 0.9949874686716792
0.8961625282167043 0.9949874686716792
0.8605664488017429 0.9899749373433584
0.8841870824053452 0.9949874686716792
0.8744493392070485 0.9949874686716792
0.8556034482758621 0.9949874686716792
0.8763796909492274 0.9949874686716792
0.853448275862069 0.9924812030075187
0.8586956521739131 0.9899749373433584
0.8568329718004338 0.9899749373433584
0.8494623655913979 0.9899749373433584
0.8706140350877193 0.9949874686716792
0.8450106157112527 0.9974937343358395
0.875 1.0
0.8984198645598194 0.9974937343358395
0.8741721854304636 0.9924812030075187
0.8766519823788547 0.9974937343358395
0.8758314855875832 0.9899749373433584
0.8389830508474576 0.9924812030075187
0.8347457627118644 0.9874686716791979
0.853763440860215 0.9949874686716792
0.8468085106382979 0.9974937343358395
0.857451403887689 0.9949874686716792
0.8741721854304636 0.9924812030075187
0.8633405639913232 0.9974937343358395
0.8981900452488688 0.9949874686716792
0.8425531914893617 0.9924812030075187
0.8646288209606987 0.9924812030075187
0.8596112311015118 0.9974937343358395
0.8652173913043478 0.9974937343358395
0.8531317494600432 0.9899749373433584
0.8819599109131403 0.9924812030075187
0.8671023965141612 0.9974937343358395
0.8977272727272727 0.9899749373433584
0.8876404494382022 0.9899749373433584
0.862144420131291 0.9874686716791979
0.8722466960352423 0.9924812030075187
0.8694690265486725 0.9849624060150376
0.8961625282167043 0.9949874686716792
0.8599137931034483 1.0
0.8719646799116998 0.9899749373433584
0.8744493392070485 0.9949874686716792
0.8893905191873589 0.9874686716791979
0.875 1.0
0.8741721854304636 0.9924812030075187
0.8725274725274725 0.9949874686716792
0.8501070663811563 0.9949874686716792
0.8151950718685832 0.9949874686716792
0.9022727272727272 0.9949874686716792
0.8738938053097345 0.9899749373433584
0.8649237472766884 0.9949874686716792
0.8861607142857143 0.9949874686716792
0.8531317494600432 0.9899749373433584
0.8822222222222222 0.9949874686716792
0.8611713665943601 0.9949874686716792
0.8501070663811563 0.9949874686716792
0.8687089715536105 0.9949874686716792
0.8479657387580299 0.9924812030075187
0.8497854077253219 0.9924812030075187
0.854978354978355 0.9899749373433584
0.8389830508474576 0.9924812030075187
0.8668122270742358 0.9949874686716792
0.8393234672304439 0.9949874686716792
0.87117903930131 1.0
0.9004524886877828 0.9974937343358395
0.8703296703296703 0.9924812030075187
0.8708971553610503 0.9974937343358395
0.8681318681318682 0.9899749373433584
0.8336842105263158 0.9924812030075187
0.8418803418803419 0.9874686716791979
0.851931330472103 0.9949874686716792
0.8450106157112527 0.9974937343358395
0.8649237472766884 0.9949874686716792
0.8703296703296703 0.9924812030075187
0.8577586206896551 0.9974937343358395
0.8901345291479821 0.9949874686716792
0.8425531914893617 0.9924812030075187
0.8643326039387309 0.9899749373433584
0.8633405639913232 0.9974937343358395
0.8596112311015118 0.9974937343358395
0.8568329718004338 0.9899749373433584
0.8780487804878049 0.9924812030075187
0.8633405639913232 0.9974937343358395
0.8954545454545455 0.9874686716791979
0.8878923766816144 0.9924812030075187
0.8583877995642701 0.9874686716791979
0.8703296703296703 0.9924812030075187
0.8580786026200873 0.9849624060150376
0.8898876404494382 0.9924812030075187
0.8525641025641025 1.0
0.8662280701754386 0.9899749373433584
0.8630434782608696 0.9949874686716792
0.8896396396396397 0.9899749373433584
