0.9590288315629742 0.9590288315629742 0.9590288315629742 0.9590288315629742 0.9590288315629742
0.9358600583090378 0.9742033383915023 0.9731012658227848 0.9332321699544764 0.9537177541729894
0.9587155963302753 0.9514415781487102 0.9518072289156626 0.9590288315629742 0.9552352048558422
0.9555895865237366 0.9468892261001517 0.9473684210526315 0.9559939301972686 0.9514415781487102
0.9410898379970545 0.9696509863429439 0.9687010954616588 0.9393019726858877 0.9544764795144158
0.9382352941176471 0.9681335356600911 0.9670846394984326 0.936267071320182 0.9522003034901366
0.9411764705882353 0.9711684370257967 0.9702194357366771 0.9393019726858877 0.9552352048558422
0.93952802359882 0.9666160849772383 0.965625 0.9377845220030349 0.9522003034901366
0.9537313432835821 0.9696509863429439 0.9691358024691358 0.952959028831563 0.9613050075872535
0.9545454545454546 0.9559939301972686 0.9559270516717325 0.9544764795144158 0.9552352048558422
0.9567809239940388 0.9742033383915023 0.973724884080371 0.9559939301972686 0.9650986342943855
0.9416058394160584 0.9787556904400607 0.9778830963665087 0.9393019726858877 0.9590288315629742
0.9503012048192772 0.9575113808801214 0.9571865443425076 0.9499241274658573 0.9537177541729894
0.9462686567164179 0.9620637329286799 0.9614197530864198 0.9453717754172989 0.9537177541729894
0.9438700147710487 0.9696509863429439 0.968798751950078 0.9423368740515933 0.9559939301972686
0.9362962962962963 0.9590288315629742 0.9580093312597201 0.9347496206373292 0.9468892261001517
0.9458646616541353 0.9544764795144158 0.9540581929555896 0.9453717754172989 0.9499241274658573
0.9587155963302753 0.9514415781487102 0.9518072289156626 0.9590288315629742 0.9552352048558422
0.9452662721893491 0.9696509863429439 0.9688473520249221 0.9438543247344461 0.956752655538695
0.9451851851851852 0.9681335356600911 0.9673405909797823 0.9438543247344461 0.9559939301972686
0.9433681073025335 0.960546282245827 0.9598145285935085 0.9423368740515933 0.9514415781487102
0.9382352941176471 0.9681335356600911 0.9670846394984326 0.936267071320182 0.9522003034901366
0.9278499278499278 0.9757207890743551 0.9744 0.9241274658573596 0.9499241274658573
0.9583333333333334 0.9772382397572079 0.9767801857585139 0.9575113808801214 0.9673748103186647
0.946980854197349 0.9757207890743551 0.974960876369327 0.9453717754172989 0.960546282245827
0.9411764705882353 0.9711684370257967 0.9702194357366771 0.9393019726858877 0.9552352048558422
0.9508928571428571 0.9696509863429439 0.9690402476780186 0.9499241274658573 0.9597875569044007
0.9198855507868383 0.9757207890743551 0.9741518578352181 0.9150227617602428 0.9453717754172989
0.9423929098966026 0.9681335356600911 0.9672386895475819 0.9408194233687405 0.9544764795144158
0.9423076923076923 0.9666160849772383 0.9657320872274143 0.9408194233687405 0.9537177541729894
0.9444444444444444 0.9802731411229135 0.9794952681388013 0.9423368740515933 0.9613050075872535
0.9269340974212035 0.9817905918057663 0.9806451612903225 0.9226100151745068 0.9522003034901366
0.9706336939721792 0.952959028831563 0.9538002980625931 0.9711684370257967 0.9620637329286799
0.9581464872944694 0.9726858877086495 0.9722650231124808 0.9575113808801214 0.9650986342943855
0.9557926829268293 0.9514415781487102 0.9516616314199395 0.9559939301972686 0.9537177541729894
0.948948948948949 0.9590288315629742 0.9585889570552147 0.9484066767830045 0.9537177541729894
0.96 0.9468892261001517 0.9476047904191617 0.960546282245827 0.9537177541729894
0.9623493975903614 0.9696509863429439 0.9694189602446484 0.9620637329286799 0.9658573596358119
0.9497784342688331 0.9757207890743551 0.9750390015600624 0.9484066767830045 0.9620637329286799
0.9529411764705882 0.9833080424886191 0.9827586206896551 0.9514415781487102 0.9673748103186647
0.9380530973451328 0.9650986342943855 0.9640625 0.936267071320182 0.9506828528072838
0.9469026548672567 0.9742033383915023 0.9734375 0.9453717754172989 0.9597875569044007
0.9544764795144158 0.9544764795144158 0.9544764795144158 0.9544764795144158 0.9544764795144158
0.9561933534743202 0.960546282245827 0.9603658536585366 0.9559939301972686 0.9582701062215478
0.954954954954955 0.9650986342943855 0.9647239263803681 0.9544764795144158 0.9597875569044007
0.9436201780415431 0.9650986342943855 0.9642857142857143 0.9423368740515933 0.9537177541729894
0.9591527987897126 0.9620637329286799 0.9619482496194824 0.9590288315629742 0.960546282245827
0.9457478005865103 0.9787556904400607 0.9779874213836478 0.9438543247344461 0.9613050075872535
0.9385065885797951 0.9726858877086495 0.9716535433070866 0.936267071320182 0.9544764795144158
0.9607843137254902 0.9666160849772383 0.966412213740458 0.960546282245827 0.9635811836115327
0.9397944199706314 0.9711684370257967 0.9701726844583988 0.9377845220030349 0.9544764795144158
0.9585185185185185 0.9817905918057663 0.9813374805598756 0.9575113808801214 0.9696509863429439
0.9534534534534534 0.9635811836115327 0.9631901840490797 0.952959028831563 0.9582701062215478
0.9540059347181009 0.9757207890743551 0.9751552795031055 0.952959028831563 0.9643399089529591
0.9545454545454546 0.9559939301972686 0.9559270516717325 0.9544764795144158 0.9552352048558422
0.952959028831563 0.952959028831563 0.952959028831563 0.952959028831563 0.952959028831563
0.9451851851851852 0.9681335356600911 0.9673405909797823 0.9438543247344461 0.9559939301972686
0.9441176470588235 0.9742033383915023 0.9733542319749217 0.9423368740515933 0.9582701062215478
0.9399707174231332 0.9742033383915023 0.9732283464566929 0.9377845220030349 0.9559939301972686
0.9450222882615156 0.9650986342943855 0.9643410852713178 0.9438543247344461 0.9544764795144158
0.943952802359882 0.9711684370257967 0.9703125 0.9423368740515933 0.956752655538695
0.9443631039531479 0.9787556904400607 0.9779527559055118 0.9423368740515933 0.960546282245827
0.9457831325301205 0.952959028831563 0.9525993883792049 0.9453717754172989 0.9491654021244309
0.953662182361734 0.9681335356600911 0.9676425269645609 0.952959028831563 0.960546282245827
0.9428152492668622 0.9757207890743551 0.9748427672955975 0.9408194233687405 0.9582701062215478
0.9505247376311844 0.9620637329286799 0.9615975422427036 0.9499241274658573 0.9559939301972686
0.9550898203592815 0.9681335356600911 0.9676923076923077 0.9544764795144158 0.9613050075872535
0.9260869565217391 0.9696509863429439 0.9681528662420382 0.9226100151745068 0.9461305007587253
0.9362017804154302 0.9575113808801214 0.9565217391304348 0.9347496206373292 0.9461305007587253
0.9571209800918836 0.9484066767830045 0.9488721804511279 0.9575113808801214 0.952959028831563
0.9478390461997019 0.9650986342943855 0.964451313755796 0.9468892261001517 0.9559939301972686
0.9386861313868613 0.9757207890743551 0.9747235387045814 0.936267071320182 0.9559939301972686
0.9457478005865103 0.9787556904400607 0.9779874213836478 0.9438543247344461 0.9613050075872535
0.9518072289156626 0.9590288315629742 0.9587155963302753 0.9514415781487102 0.9552352048558422
0.9642857142857143 0.9423368740515933 0.9436201780415431 0.9650986342943855 0.9537177541729894
0.9510385756676558 0.9726858877086495 0.9720496894409938 0.9499241274658573 0.9613050075872535
0.9491017964071856 0.9620637329286799 0.9615384615384616 0.9484066767830045 0.9552352048558422
0.9519519519519519 0.9620637329286799 0.9616564417177914 0.9514415781487102 0.956752655538695
0.936046511627907 0.9772382397572079 0.9761904761904762 0.9332321699544764 0.9552352048558422
0.9493293591654247 0.9666160849772383 0.9659969088098919 0.9484066767830045 0.9575113808801214
0.95 0.9802731411229135 0.9796238244514106 0.9484066767830045 0.9643399089529591
0.9457478005865103 0.9787556904400607 0.9779874213836478 0.9438543247344461 0.9613050075872535
0.9499263622974963 0.9787556904400607 0.9780907668231612 0.9484066767830045 0.9635811836115327
0.9437869822485208 0.9681335356600911 0.9672897196261683 0.9423368740515933 0.9552352048558422
0.9490254872563718 0.960546282245827 0.9600614439324117 0.9484066767830045 0.9544764795144158
0.9331395348837209 0.9742033383915023 0.973015873015873 0.9301972685887708 0.9522003034901366
0.9164305949008499 0.9817905918057663 0.9803921568627451 0.9104704097116844 0.9461305007587253
0.9607250755287009 0.9650986342943855 0.9649390243902439 0.960546282245827 0.9628224582701063
0.9438700147710487 0.9696509863429439 0.968798751950078 0.9423368740515933 0.9559939301972686
0.9235209235209235 0.9711684370257967 0.9696 0.9195751138088012 0.9453717754172989
0.9551569506726457 0.9696509863429439 0.9691833590138675 0.9544764795144158 0.9620637329286799
0.946824224519941 0.9726858877086495 0.9719188767550702 0.9453717754172989 0.9590288315629742
0.9441087613293051 0.9484066767830045 0.948170731707317 0.9438543247344461 0.9461305007587253
0.953662182361734 0.9681335356600911 0.9676425269645609 0.952959028831563 0.960546282245827
0.9490254872563718 0.960546282245827 0.9600614439324117 0.9484066767830045 0.9544764795144158
0.946980854197349 0.9757207890743551 0.974960876369327 0.9453717754172989 0.960546282245827
0.9335302806499262 0.9590288315629742 0.9578783151326054 0.9317147192716236 0.9453717754172989
0.9428152492668622 0.9757207890743551 0.9748427672955975 0.9408194233687405 0.9582701062215478
0.948948948948949 0.9590288315629742 0.9585889570552147 0.9484066767830045 0.9537177541729894
0.9319826338639653 0.9772382397572079 0.9760765550239234 0.928679817905918 0.952959028831563
