0.9678899082568807 0.960546282245827 0.9608433734939759 0.9681335356600911 0.9643399089529591
0.9568452380952381 0.9757207890743551 0.9752321981424149 0.9559939301972686 0.9658573596358119
0.975609756097561 0.9711684370257967 0.9712990936555891 0.9757207890743551 0.9734446130500759
0.972768532526475 0.9757207890743551 0.9756468797564688 0.9726858877086495 0.9742033383915023
0.960960960960961 0.9711684370257967 0.9708588957055214 0.960546282245827 0.9658573596358119
0.9696969696969697 0.9711684370257967 0.9711246200607903 0.9696509863429439 0.9704097116843703
0.9638009049773756 0.9696509863429439 0.9694656488549618 0.9635811836115327 0.9666160849772383
0.9623493975903614 0.9696509863429439 0.9694189602446484 0.9620637329286799 0.9658573596358119
0.9712121212121212 0.9726858877086495 0.9726443768996961 0.9711684370257967 0.9719271623672231
0.9652567975830816 0.9696509863429439 0.9695121951219512 0.9650986342943855 0.9673748103186647
0.9861751152073732 0.9742033383915023 0.974512743628186 0.9863429438543247 0.9802731411229135
0.9668174962292609 0.9726858877086495 0.9725190839694656 0.9666160849772383 0.9696509863429439
0.9665653495440729 0.9650986342943855 0.9651515151515152 0.9666160849772383 0.9658573596358119
0.9583952451708767 0.9787556904400607 0.9782945736434109 0.9575113808801214 0.9681335356600911
0.9614243323442137 0.9833080424886191 0.9829192546583851 0.960546282245827 0.9719271623672231
0.9610194902548725 0.9726858877086495 0.9723502304147466 0.960546282245827 0.9666160849772383
0.9679878048780488 0.9635811836115327 0.9637462235649547 0.9681335356600911 0.9658573596358119
0.9696048632218845 0.9681335356600911 0.9681818181818181 0.9696509863429439 0.9688922610015175
0.9666666666666667 0.9681335356600911 0.9680851063829787 0.9666160849772383 0.9673748103186647
0.9652042360060514 0.9681335356600911 0.9680365296803652 0.9650986342943855 0.9666160849772383
0.960546282245827 0.960546282245827 0.960546282245827 0.960546282245827 0.960546282245827
0.9609022556390977 0.9696509863429439 0.9693721286370597 0.960546282245827 0.9650986342943855
0.9508928571428571 0.9696509863429439 0.9690402476780186 0.9499241274658573 0.9597875569044007
0.972809667673716 0.9772382397572079 0.9771341463414634 0.9726858877086495 0.9749620637329287
0.9709480122324159 0.9635811836115327 0.963855421686747 0.9711684370257967 0.9673748103186647
0.9640718562874252 0.9772382397572079 0.9769230769230769 0.9635811836115327 0.9704097116843703
0.9712556732223904 0.9742033383915023 0.974124809741248 0.9711684370257967 0.9726858877086495
0.9655688622754491 0.9787556904400607 0.9784615384615385 0.9650986342943855 0.9719271623672231
0.9667673716012085 0.9711684370257967 0.9710365853658537 0.9666160849772383 0.9688922610015175
0.9693251533742331 0.9590288315629742 0.9594594594594594 0.9696509863429439 0.9643399089529591
0.9696048632218845 0.9681335356600911 0.9681818181818181 0.9696509863429439 0.9688922610015175
0.9597615499254843 0.9772382397572079 0.9768160741885626 0.9590288315629742 0.9681335356600911
0.9753846153846154 0.9620637329286799 0.9625748502994012 0.9757207890743551 0.9688922610015175
0.9698340874811463 0.9757207890743551 0.9755725190839695 0.9696509863429439 0.9726858877086495
0.9636913767019667 0.9666160849772383 0.9665144596651446 0.9635811836115327 0.9650986342943855
0.9679878048780488 0.9635811836115327 0.9637462235649547 0.9681335356600911 0.9658573596358119
0.9654135338345865 0.9742033383915023 0.9739663093415007 0.9650986342943855 0.9696509863429439
0.9713855421686747 0.9787556904400607 0.9785932721712538 0.9711684370257967 0.9749620637329287
0.9682779456193353 0.9726858877086495 0.9725609756097561 0.9681335356600911 0.9704097116843703
0.9643916913946587 0.9863429438543247 0.9860248447204969 0.9635811836115327 0.9749620637329287
0.9624624624624625 0.9726858877086495 0.9723926380368099 0.9620637329286799 0.9673748103186647
0.9670658682634731 0.9802731411229135 0.98 0.9666160849772383 0.9734446130500759
0.9653092006033183 0.9711684370257967 0.9709923664122138 0.9650986342943855 0.9681335356600911
0.9653614457831325 0.9726858877086495 0.9724770642201835 0.9650986342943855 0.9688922610015175
0.9665653495440729 0.9650986342943855 0.9651515151515152 0.9666160849772383 0.9658573596358119
0.972809667673716 0.9772382397572079 0.9771341463414634 0.9726858877086495 0.9749620637329287
0.9679878048780488 0.9635811836115327 0.9637462235649547 0.9681335356600911 0.9658573596358119
0.972768532526475 0.9757207890743551 0.9756468797564688 0.9726858877086495 0.9742033383915023
0.9535232383808095 0.9650986342943855 0.9646697388632872 0.952959028831563 0.9590288315629742
0.9640179910044977 0.9757207890743551 0.9754224270353302 0.9635811836115327 0.9696509863429439
0.9597014925373134 0.9757207890743551 0.9753086419753086 0.9590288315629742 0.9673748103186647
0.983206106870229 0.9772382397572079 0.9773755656108597 0.9833080424886191 0.9802731411229135
0.967016491754123 0.9787556904400607 0.978494623655914 0.9666160849772383 0.9726858877086495
0.9742813918305597 0.9772382397572079 0.9771689497716894 0.9742033383915023 0.9757207890743551
0.9770992366412213 0.9711684370257967 0.971342383107089 0.9772382397572079 0.9742033383915023
0.9636913767019667 0.9666160849772383 0.9665144596651446 0.9635811836115327 0.9650986342943855
0.9694189602446484 0.9620637329286799 0.9623493975903614 0.9696509863429439 0.9658573596358119
0.9593373493975904 0.9666160849772383 0.9663608562691132 0.9590288315629742 0.9628224582701063
0.9657228017883756 0.9833080424886191 0.9829984544049459 0.9650986342943855 0.9742033383915023
0.9608433734939759 0.9681335356600911 0.9678899082568807 0.960546282245827 0.9643399089529591
0.9622926093514329 0.9681335356600911 0.9679389312977099 0.9620637329286799 0.9650986342943855
0.9601181683899557 0.9863429438543247 0.9859594383775351 0.9590288315629742 0.9726858877086495
0.9678899082568807 0.960546282245827 0.9608433734939759 0.9681335356600911 0.9643399089529591
0.967016491754123 0.9787556904400607 0.978494623655914 0.9666160849772383 0.9726858877086495
0.9584569732937686 0.9802731411229135 0.9798136645962733 0.9575113808801214 0.9688922610015175
0.9696048632218845 0.9681335356600911 0.9681818181818181 0.9696509863429439 0.9688922610015175
0.9710806697108066 0.9681335356600911 0.9682299546142209 0.9711684370257967 0.9696509863429439
0.9636363636363636 0.9650986342943855 0.9650455927051672 0.9635811836115327 0.9643399089529591
0.9650986342943855 0.9650986342943855 0.9650986342943855 0.9650986342943855 0.9650986342943855
0.9678899082568807 0.960546282245827 0.9608433734939759 0.9681335356600911 0.9643399089529591
0.9632465543644717 0.9544764795144158 0.9548872180451128 0.9635811836115327 0.9590288315629742
0.9627976190476191 0.9817905918057663 0.9814241486068112 0.9620637329286799 0.9719271623672231
0.9726858877086495 0.9726858877086495 0.9726858877086495 0.9726858877086495 0.9726858877086495
0.972809667673716 0.9772382397572079 0.9771341463414634 0.9726858877086495 0.9749620637329287
0.98145285935085 0.9635811836115327 0.9642324888226528 0.9817905918057663 0.9726858877086495
0.9726027397260274 0.9696509863429439 0.9697428139183056 0.9726858877086495 0.9711684370257967
0.9609022556390977 0.9696509863429439 0.9693721286370597 0.960546282245827 0.9650986342943855
0.9650455927051672 0.9635811836115327 0.9636363636363636 0.9650986342943855 0.9643399089529591
0.9726858877086495 0.9726858877086495 0.9726858877086495 0.9726858877086495 0.9726858877086495
0.9639097744360903 0.9726858877086495 0.9724349157733537 0.9635811836115327 0.9681335356600911
0.9728915662650602 0.9802731411229135 0.9801223241590215 0.9726858877086495 0.9764795144157815
0.9624060150375939 0.9711684370257967 0.9709035222052067 0.9620637329286799 0.9666160849772383
0.96996996996997 0.9802731411229135 0.9800613496932515 0.9696509863429439 0.9749620637329287
0.9667170953101362 0.9696509863429439 0.969558599695586 0.9666160849772383 0.9681335356600911
0.9650986342943855 0.9650986342943855 0.9650986342943855 0.9650986342943855 0.9650986342943855
0.9614243323442137 0.9833080424886191 0.9829192546583851 0.960546282245827 0.9719271623672231
0.9528023598820059 0.9802731411229135 0.9796875 0.9514415781487102 0.9658573596358119
0.9757942511346445 0.9787556904400607 0.9786910197869102 0.9757207890743551 0.9772382397572079
0.9639097744360903 0.9726858877086495 0.9724349157733537 0.9635811836115327 0.9681335356600911
0.9620637329286799 0.9620637329286799 0.9620637329286799 0.9620637329286799 0.9620637329286799
0.9772036474164134 0.9757207890743551 0.9757575757575757 0.9772382397572079 0.9764795144157815
0.9671150971599403 0.9817905918057663 0.9815100154083205 0.9666160849772383 0.9742033383915023
0.9725190839694656 0.9666160849772383 0.9668174962292609 0.9726858877086495 0.9696509863429439
0.9710365853658537 0.9666160849772383 0.9667673716012085 0.9711684370257967 0.9688922610015175
0.9681335356600911 0.9681335356600911 0.9681335356600911 0.9681335356600911 0.9681335356600911
0.9654135338345865 0.9742033383915023 0.9739663093415007 0.9650986342943855 0.9696509863429439
0.95952023988006 0.9711684370257967 0.9708141321044547 0.9590288315629742 0.9650986342943855
0.9636913767019667 0.9666160849772383 0.9665144596651446 0.9635811836115327 0.9650986342943855
0.9608433734939759 0.9681335356600911 0.9678899082568807 0.960546282245827 0.9643399089529591
0.9597615499254843 0.9772382397572079 0.9768160741885626 0.9590288315629742 0.9681335356600911
