0.9817629179331308 0.9802731411229135 0.9803030303030303 0.9817905918057663 0.9810318664643399
0.9875 0.9590288315629742 0.9601769911504425 0.9878603945371776 0.9734446130500759
0.9817629179331308 0.9802731411229135 0.9803030303030303 0.9817905918057663 0.9810318664643399
0.9847560975609756 0.9802731411229135 0.9803625377643505 0.9848254931714719 0.9825493171471927
0.9817629179331308 0.9802731411229135 0.9803030303030303 0.9817905918057663 0.9810318664643399
0.9817629179331308 0.9802731411229135 0.9803030303030303 0.9817905918057663 0.9810318664643399
0.9861963190184049 0.9757207890743551 0.975975975975976 0.9863429438543247 0.9810318664643399
0.9801829268292683 0.9757207890743551 0.9758308157099698 0.9802731411229135 0.9779969650986343
0.9846153846153847 0.9711684370257967 0.9715568862275449 0.9848254931714719 0.9779969650986343
0.9701492537313433 0.9863429438543247 0.9861111111111112 0.9696509863429439 0.9779969650986343
0.9817905918057663 0.9817905918057663 0.9817905918057663 0.9817905918057663 0.9817905918057663
0.9715142428785607 0.9833080424886191 0.9831029185867896 0.9711684370257967 0.9772382397572079
0.9815668202764977 0.9696509863429439 0.9700149925037481 0.9817905918057663 0.9757207890743551
0.9877112135176651 0.9757207890743551 0.9760119940029985 0.9878603945371776 0.9817905918057663
0.9832826747720365 0.9817905918057663 0.9818181818181818 0.9833080424886191 0.9825493171471927
0.9938176197836167 0.9757207890743551 0.9761549925484352 0.9939301972685888 0.9848254931714719
0.9787878787878788 0.9802731411229135 0.9802431610942249 0.9787556904400607 0.9795144157814871
0.971342383107089 0.9772382397572079 0.9770992366412213 0.9711684370257967 0.9742033383915023
0.9848484848484849 0.9863429438543247 0.986322188449848 0.9848254931714719 0.9855842185128983
0.9729323308270676 0.9817905918057663 0.9816232771822359 0.9726858877086495 0.9772382397572079
0.9877112135176651 0.9757207890743551 0.9760119940029985 0.9878603945371776 0.9817905918057663
0.981651376146789 0.9742033383915023 0.9743975903614458 0.9817905918057663 0.9779969650986343
0.974320241691843 0.9787556904400607 0.9786585365853658 0.9742033383915023 0.9764795144157815
0.9756838905775076 0.9742033383915023 0.9742424242424242 0.9757207890743551 0.9749620637329287
0.9817073170731707 0.9772382397572079 0.9773413897280967 0.9817905918057663 0.9795144157814871
0.9787878787878788 0.9802731411229135 0.9802431610942249 0.9787556904400607 0.9795144157814871
0.9862804878048781 0.9817905918057663 0.9818731117824774 0.9863429438543247 0.9840667678300455
0.9846860643185299 0.9757207890743551 0.9759398496240601 0.9848254931714719 0.9802731411229135
0.9819548872180451 0.9908952959028832 0.9908116385911179 0.9817905918057663 0.9863429438543247
0.9757575757575757 0.9772382397572079 0.9772036474164134 0.9757207890743551 0.9764795144157815
0.9817905918057663 0.9817905918057663 0.9817905918057663 0.9817905918057663 0.9817905918057663
0.9786910197869102 0.9757207890743551 0.9757942511346445 0.9787556904400607 0.9772382397572079
0.9803328290468987 0.9833080424886191 0.9832572298325722 0.9802731411229135 0.9817905918057663
0.9818456883509834 0.9848254931714719 0.984779299847793 0.9817905918057663 0.9833080424886191
0.9804216867469879 0.9878603945371776 0.9877675840978594 0.9802731411229135 0.9840667678300455
0.9804216867469879 0.9878603945371776 0.9877675840978594 0.9802731411229135 0.9840667678300455
0.9756838905775076 0.9742033383915023 0.9742424242424242 0.9757207890743551 0.9749620637329287
0.984779299847793 0.9817905918057663 0.9818456883509834 0.9848254931714719 0.9833080424886191
0.972768532526475 0.9757207890743551 0.9756468797564688 0.9726858877086495 0.9742033383915023
0.9802431610942249 0.9787556904400607 0.9787878787878788 0.9802731411229135 0.9795144157814871
0.9741641337386018 0.9726858877086495 0.9727272727272728 0.9742033383915023 0.9734446130500759
0.9877675840978594 0.9802731411229135 0.9804216867469879 0.9878603945371776 0.9840667678300455
0.9759036144578314 0.9833080424886191 0.9831804281345565 0.9757207890743551 0.9795144157814871
0.9861963190184049 0.9757207890743551 0.975975975975976 0.9863429438543247 0.9810318664643399
0.9789156626506024 0.9863429438543247 0.9862385321100917 0.9787556904400607 0.9825493171471927
0.9686567164179104 0.9848254931714719 0.9845679012345679 0.9681335356600911 0.9764795144157815
0.9833836858006042 0.9878603945371776 0.9878048780487805 0.9833080424886191 0.9855842185128983
0.9774436090225563 0.9863429438543247 0.9862174578866769 0.9772382397572079 0.9817905918057663
0.9818181818181818 0.9833080424886191 0.9832826747720365 0.9817905918057663 0.9825493171471927
0.9774436090225563 0.9863429438543247 0.9862174578866769 0.9772382397572079 0.9817905918057663
0.9847328244274809 0.9787556904400607 0.9788838612368024 0.9848254931714719 0.9817905918057663
0.978978978978979 0.9893778452200304 0.9892638036809815 0.9787556904400607 0.9840667678300455
0.9742813918305597 0.9772382397572079 0.9771689497716894 0.9742033383915023 0.9757207890743551
0.972768532526475 0.9757207890743551 0.9756468797564688 0.9726858877086495 0.9742033383915023
0.9908396946564886 0.9848254931714719 0.9849170437405732 0.9908952959028832 0.9878603945371776
0.9969135802469136 0.9802731411229135 0.9805970149253731 0.9969650986342944 0.988619119878604
0.9817629179331308 0.9802731411229135 0.9803030303030303 0.9817905918057663 0.9810318664643399
0.9877488514548239 0.9787556904400607 0.9789473684210527 0.9878603945371776 0.9833080424886191
0.9742033383915023 0.9742033383915023 0.9742033383915023 0.9742033383915023 0.9742033383915023
0.9756838905775076 0.9742033383915023 0.9742424242424242 0.9757207890743551 0.9749620637329287
0.9862174578866769 0.9772382397572079 0.9774436090225563 0.9863429438543247 0.9817905918057663
0.9716840536512668 0.9893778452200304 0.9891808346213292 0.9711684370257967 0.9802731411229135
0.9863842662632375 0.9893778452200304 0.989345509893455 0.9863429438543247 0.9878603945371776
0.9773413897280967 0.9817905918057663 0.9817073170731707 0.9772382397572079 0.9795144157814871
0.9848484848484849 0.9863429438543247 0.986322188449848 0.9848254931714719 0.9855842185128983
0.974124809741248 0.9711684370257967 0.9712556732223904 0.9742033383915023 0.9726858877086495
0.9833333333333333 0.9848254931714719 0.9848024316109423 0.9833080424886191 0.9840667678300455
0.9772036474164134 0.9757207890743551 0.9757575757575757 0.9772382397572079 0.9764795144157815
0.9786585365853658 0.9742033383915023 0.974320241691843 0.9787556904400607 0.9764795144157815
0.9787556904400607 0.9787556904400607 0.9787556904400607 0.9787556904400607 0.9787556904400607
0.9861963190184049 0.9757207890743551 0.975975975975976 0.9863429438543247 0.9810318664643399
0.983358547655068 0.9863429438543247 0.9863013698630136 0.9833080424886191 0.9848254931714719
0.9785932721712538 0.9711684370257967 0.9713855421686747 0.9787556904400607 0.9749620637329287
0.9774096385542169 0.9848254931714719 0.9847094801223242 0.9772382397572079 0.9810318664643399
0.9744744744744744 0.9848254931714719 0.9846625766871165 0.9742033383915023 0.9795144157814871
0.9788519637462235 0.9833080424886191 0.9832317073170732 0.9787556904400607 0.9810318664643399
0.9730538922155688 0.9863429438543247 0.9861538461538462 0.9726858877086495 0.9795144157814871
0.9830508474576272 0.9681335356600911 0.968609865470852 0.9833080424886191 0.9757207890743551
0.9817905918057663 0.9817905918057663 0.9817905918057663 0.9817905918057663 0.9817905918057663
0.9861963190184049 0.9757207890743551 0.975975975975976 0.9863429438543247 0.9810318664643399
0.9861325115562404 0.9711684370257967 0.9715994020926756 0.9863429438543247 0.9787556904400607
0.9818731117824774 0.9863429438543247 0.9862804878048781 0.9817905918057663 0.9840667678300455
0.9672619047619048 0.9863429438543247 0.9860681114551083 0.9666160849772383 0.9764795144157815
0.974512743628186 0.9863429438543247 0.9861751152073732 0.9742033383915023 0.9802731411229135
0.968609865470852 0.9833080424886191 0.9830508474576272 0.9681335356600911 0.9757207890743551
0.9761194029850746 0.992412746585736 0.9922839506172839 0.9757207890743551 0.9840667678300455
0.9757207890743551 0.9757207890743551 0.9757207890743551 0.9757207890743551 0.9757207890743551
0.9862804878048781 0.9817905918057663 0.9818731117824774 0.9863429438543247 0.9840667678300455
0.9756838905775076 0.9742033383915023 0.9742424242424242 0.9757207890743551 0.9749620637329287
0.9730941704035875 0.9878603945371776 0.987673343605547 0.9726858877086495 0.9802731411229135
0.9819277108433735 0.9893778452200304 0.9892966360856269 0.9817905918057663 0.9855842185128983
0.9817351598173516 0.9787556904400607 0.9788199697428139 0.9817905918057663 0.9802731411229135
0.9862595419847329 0.9802731411229135 0.9803921568627451 0.9863429438543247 0.9833080424886191
0.9863636363636363 0.9878603945371776 0.9878419452887538 0.9863429438543247 0.9871016691957512
0.9833836858006042 0.9878603945371776 0.9878048780487805 0.9833080424886191 0.9855842185128983
0.9757575757575757 0.9772382397572079 0.9772036474164134 0.9757207890743551 0.9764795144157815
0.9907120743034056 0.9711684370257967 0.9717261904761905 0.9908952959028832 0.9810318664643399
0.984779299847793 0.9817905918057663 0.9818456883509834 0.9848254931714719 0.9833080424886191
0.9758308157099698 0.9802731411229135 0.9801829268292683 0.9757207890743551 0.9779969650986343
0.9893778452200304 0.9893778452200304 0.9893778452200304 0.9893778452200304 0.9893778452200304
0.9802731411229135 0.9802731411229135 0.9802731411229135 0.9802731411229135 0.9802731411229135
0.972972972972973 0.9833080424886191 0.9831288343558282 0.9726858877086495 0.9779969650986343
0.974512743628186 0.9863429438543247 0.9861751152073732 0.9742033383915023 0.9802731411229135
