0.9923896499238964 0.9893778452200304 0.989409984871407 0.992412746585736 0.9908952959028832
0.9878603945371776 0.9878603945371776 0.9878603945371776 0.9878603945371776 0.9878603945371776
0.9924012158054711 0.9908952959028832 0.990909090909091 0.992412746585736 0.9916540212443096
0.993920972644377 0.992412746585736 0.9924242424242424 0.9939301972685888 0.9931714719271624
0.986404833836858 0.9908952959028832 0.9908536585365854 0.9863429438543247 0.988619119878604
0.9939117199391172 0.9908952959028832 0.9909228441754917 0.9939301972685888 0.992412746585736
0.9924242424242424 0.9939301972685888 0.993920972644377 0.992412746585736 0.9931714719271624
0.9878419452887538 0.9863429438543247 0.9863636363636363 0.9878603945371776 0.9871016691957512
0.993920972644377 0.992412746585736 0.9924242424242424 0.9939301972685888 0.9931714719271624
0.9864253393665159 0.992412746585736 0.9923664122137404 0.9863429438543247 0.9893778452200304
0.9908116385911179 0.9817905918057663 0.9819548872180451 0.9908952959028832 0.9863429438543247
0.9864661654135338 0.9954476479514416 0.9954058192955589 0.9863429438543247 0.9908952959028832
0.9862804878048781 0.9817905918057663 0.9818731117824774 0.9863429438543247 0.9840667678300455
0.9863842662632375 0.9893778452200304 0.989345509893455 0.9863429438543247 0.9878603945371776
0.9760479041916168 0.9893778452200304 0.9892307692307692 0.9757207890743551 0.9825493171471927
0.9923195084485407 0.9802731411229135 0.9805097451274363 0.992412746585736 0.9863429438543247
0.9849397590361446 0.992412746585736 0.9923547400611621 0.9848254931714719 0.988619119878604
0.9864253393665159 0.992412746585736 0.9923664122137404 0.9863429438543247 0.9893778452200304
0.9879154078549849 0.992412746585736 0.9923780487804879 0.9878603945371776 0.9901365705614568
0.9879518072289156 0.9954476479514416 0.9954128440366973 0.9878603945371776 0.9916540212443096
0.9908814589665653 0.9893778452200304 0.9893939393939394 0.9908952959028832 0.9901365705614568
0.993920972644377 0.992412746585736 0.9924242424242424 0.9939301972685888 0.9931714719271624
0.9833333333333333 0.9848254931714719 0.9848024316109423 0.9833080424886191 0.9840667678300455
0.9848714069591528 0.9878603945371776 0.9878234398782344 0.9848254931714719 0.9863429438543247
0.9848942598187311 0.9893778452200304 0.989329268292683 0.9848254931714719 0.9871016691957512
0.9893778452200304 0.9893778452200304 0.9893778452200304 0.9893778452200304 0.9893778452200304
0.9908675799086758 0.9878603945371776 0.9878971255673222 0.9908952959028832 0.9893778452200304
0.9938837920489296 0.9863429438543247 0.9864457831325302 0.9939301972685888 0.9901365705614568
0.9909365558912386 0.9954476479514416 0.9954268292682927 0.9908952959028832 0.9931714719271624
0.9862804878048781 0.9817905918057663 0.9818731117824774 0.9863429438543247 0.9840667678300455
0.9939117199391172 0.9908952959028832 0.9909228441754917 0.9939301972685888 0.992412746585736
0.9923896499238964 0.9893778452200304 0.989409984871407 0.992412746585736 0.9908952959028832
0.9835082458770614 0.9954476479514416 0.9953917050691244 0.9833080424886191 0.9893778452200304
0.9908536585365854 0.9863429438543247 0.986404833836858 0.9908952959028832 0.988619119878604
0.9848942598187311 0.9893778452200304 0.989329268292683 0.9848254931714719 0.9871016691957512
0.9909365558912386 0.9954476479514416 0.9954268292682927 0.9908952959028832 0.9931714719271624
0.9908814589665653 0.9893778452200304 0.9893939393939394 0.9908952959028832 0.9901365705614568
0.9908814589665653 0.9893778452200304 0.9893939393939394 0.9908952959028832 0.9901365705614568
0.9848484848484849 0.9863429438543247 0.986322188449848 0.9848254931714719 0.9855842185128983
0.9878603945371776 0.9878603945371776 0.9878603945371776 0.9878603945371776 0.9878603945371776
0.9893617021276596 0.9878603945371776 0.9878787878787879 0.9893778452200304 0.988619119878604
0.9939117199391172 0.9908952959028832 0.9909228441754917 0.9939301972685888 0.992412746585736
0.9864661654135338 0.9954476479514416 0.9954058192955589 0.9863429438543247 0.9908952959028832
0.9923896499238964 0.9893778452200304 0.989409984871407 0.992412746585736 0.9908952959028832
0.989409984871407 0.992412746585736 0.9923896499238964 0.9893778452200304 0.9908952959028832
0.9879154078549849 0.992412746585736 0.9923780487804879 0.9878603945371776 0.9901365705614568
0.9908952959028832 0.9908952959028832 0.9908952959028832 0.9908952959028832 0.9908952959028832
0.9849397590361446 0.992412746585736 0.9923547400611621 0.9848254931714719 0.988619119878604
0.986404833836858 0.9908952959028832 0.9908536585365854 0.9863429438543247 0.988619119878604
0.990909090909091 0.992412746585736 0.9924012158054711 0.9908952959028832 0.9916540212443096
0.9954198473282443 0.9893778452200304 0.9894419306184012 0.9954476479514416 0.992412746585736
0.9954337899543378 0.992412746585736 0.9924357034795764 0.9954476479514416 0.9939301972685888
0.9878234398782344 0.9848254931714719 0.9848714069591528 0.9878603945371776 0.9863429438543247
0.9863429438543247 0.9863429438543247 0.9863429438543247 0.9863429438543247 0.9863429438543247
0.9939117199391172 0.9908952959028832 0.9909228441754917 0.9939301972685888 0.992412746585736
0.9954128440366973 0.9878603945371776 0.9879518072289156 0.9954476479514416 0.9916540212443096
0.9923664122137404 0.9863429438543247 0.9864253393665159 0.992412746585736 0.9893778452200304
0.9909228441754917 0.9939301972685888 0.9939117199391172 0.9908952959028832 0.992412746585736
0.9804216867469879 0.9878603945371776 0.9877675840978594 0.9802731411229135 0.9840667678300455
0.9938650306748467 0.9833080424886191 0.9834834834834835 0.9939301972685888 0.988619119878604
0.9938744257274119 0.9848254931714719 0.9849624060150376 0.9939301972685888 0.9893778452200304
0.9790732436472347 0.9939301972685888 0.9938366718027735 0.9787556904400607 0.9863429438543247
0.9924012158054711 0.9908952959028832 0.990909090909091 0.992412746585736 0.9916540212443096
0.9893778452200304 0.9893778452200304 0.9893778452200304 0.9893778452200304 0.9893778452200304
0.9879336349924586 0.9939301972685888 0.9938931297709923 0.9878603945371776 0.9908952959028832
0.9833080424886191 0.9833080424886191 0.9833080424886191 0.9833080424886191 0.9833080424886191
0.9878971255673222 0.9908952959028832 0.9908675799086758 0.9878603945371776 0.9893778452200304
0.9878603945371776 0.9878603945371776 0.9878603945371776 0.9878603945371776 0.9878603945371776
0.9938650306748467 0.9833080424886191 0.9834834834834835 0.9939301972685888 0.988619119878604
0.9909228441754917 0.9939301972685888 0.9939117199391172 0.9908952959028832 0.992412746585736
0.9834834834834835 0.9939301972685888 0.9938650306748467 0.9833080424886191 0.988619119878604
0.9908675799086758 0.9878603945371776 0.9878971255673222 0.9908952959028832 0.9893778452200304
0.9908814589665653 0.9893778452200304 0.9893939393939394 0.9908952959028832 0.9901365705614568
0.9894259818731118 0.9939301972685888 0.9939024390243902 0.9893778452200304 0.9916540212443096
0.9790419161676647 0.992412746585736 0.9923076923076923 0.9787556904400607 0.9855842185128983
0.9894259818731118 0.9939301972685888 0.9939024390243902 0.9893778452200304 0.9916540212443096
0.9864253393665159 0.992412746585736 0.9923664122137404 0.9863429438543247 0.9893778452200304
0.9907834101382489 0.9787556904400607 0.9790104947526237 0.9908952959028832 0.9848254931714719
0.9908536585365854 0.9863429438543247 0.986404833836858 0.9908952959028832 0.988619119878604
0.9863429438543247 0.9863429438543247 0.9863429438543247 0.9863429438543247 0.9863429438543247
0.986322188449848 0.9848254931714719 0.9848484848484849 0.9863429438543247 0.9855842185128983
0.9849624060150376 0.9939301972685888 0.9938744257274119 0.9848254931714719 0.9893778452200304
0.9790732436472347 0.9939301972685888 0.9938366718027735 0.9787556904400607 0.9863429438543247
0.9820089955022488 0.9939301972685888 0.9938556067588326 0.9817905918057663 0.9878603945371776
0.9848484848484849 0.9863429438543247 0.986322188449848 0.9848254931714719 0.9855842185128983
0.9939668174962293 1.0 1.0 0.9939301972685888 0.9969650986342944
0.9894578313253012 0.9969650986342944 0.9969418960244648 0.9893778452200304 0.9931714719271624
0.9909228441754917 0.9939301972685888 0.9939117199391172 0.9908952959028832 0.992412746585736
0.9818456883509834 0.9848254931714719 0.984779299847793 0.9817905918057663 0.9833080424886191
0.984984984984985 0.9954476479514416 0.995398773006135 0.9848254931714719 0.9901365705614568
0.9878971255673222 0.9908952959028832 0.9908675799086758 0.9878603945371776 0.9893778452200304
0.986404833836858 0.9908952959028832 0.9908536585365854 0.9863429438543247 0.988619119878604
0.986322188449848 0.9848254931714719 0.9848484848484849 0.9863429438543247 0.9855842185128983
0.9893778452200304 0.9893778452200304 0.9893778452200304 0.9893778452200304 0.9893778452200304
0.9909502262443439 0.9969650986342944 0.9969465648854962 0.9908952959028832 0.9939301972685888
0.9848254931714719 0.9848254931714719 0.9848254931714719 0.9848254931714719 0.9848254931714719
0.9863636363636363 0.9878603945371776 0.9878419452887538 0.9863429438543247 0.9871016691957512
0.990909090909091 0.992412746585736 0.9924012158054711 0.9908952959028832 0.9916540212443096
0.9879518072289156 0.9954476479514416 0.9954128440366973 0.9878603945371776 0.9916540212443096
0.993920972644377 0.992412746585736 0.9924242424242424 0.9939301972685888 0.9931714719271624
0.9893778452200304 0.9893778452200304 0.9893778452200304 0.9893778452200304 0.9893778452200304
0.9878048780487805 0.9833080424886191 0.9833836858006042 0.9878603945371776 0.9855842185128983
0.9834834834834835 0.9939301972685888 0.9938650306748467 0.9833080424886191 0.988619119878604
