7906731
7907288
7907463
7907463
7907463
7907463
7907645
7907645
7907985
7910024
7910024
7910150
7910318
7911144
7911144
551
3219
4357
4953
8261
8305
9135
9484
10091
12270
13569
18423
20895
21009
21155
21373
21536
22372
22466
23823
26925
27379
27948
30325
30780
30808
32585
32610
32769
33379
34518
35154
35763
37234
39921
40842
41076
43189
43332
43332
45674
46216
46516
47197
47206
47424
49211
49736
50376
50506
50730
52695
52914
55558
55739
56075
60417
61176
61894
63197
63522
63648
64271
64309
64577
65138
65256
65682
68830
69108
69467
69971
73521
75086
75304
78933
79395
84365
84370
84535
85332
85633
85746
88422
90973
91032
92280
92980
93425
94992
95142
95426
95949
96888
97736
102187
103271
103697
103780
105223
105736
105832
106096
106560
108509
110627
111383
112577
113347
114127
116068
117427
118621
118770
119126
119881
120819
121826
122773
122980
123599
124617
127318
127971
130980
131132
131816
132795
133060
134923
134964
136696
136741
137126
137998
138522
138705
139050
139286
139753
140419
140466
141076
141332
141534
141940
141985
142646
144942
145484
146579
146752
148189
148454
148976
150270
151493
153204
153418
154102
154460
155362
155853
155853
158792
159145
159758
159776
160126
160419
161700
161904
163127
164450
164622
164867
167654
168975
170049
170796
170906
172022
172273
173545
174970
175350
175618
175717
175940
176257
177174
178761
179511
179775
180469
182416
182458
183369
183411
183416
183726
185410
186082
186516
187001
188200
188801
189277
190440
192003
192601
193237
194061
194865
197576
199778
201149
202146
202767
203741
205108
207238
208937
209735
209739
211720
212435
212845
213417
213428
213962
214300
217551
218866
220041
220306
220654
223278
223301
223414
223444
223541
225489
225509
225525
226278
226364
227775
229889
230140
230458
231608
232541
233313
233313
233509
235683
236714
237000
237228
238675
238874
239212
239740
239889
240647
241076
241121
242380
245474
246356
247220
247892
249182
249450
249833
249900
251151
251766
252291
252739
253250
253435
254251
254465
254819
255453
256299
256457
258651
259606
261869
262027
262783
263479
264062
264907
265006
265896
266575
266588
267199
269609
270477
270889
271365
273061
273735
276104
276504
277370
277442
279561
280295
280924
282040
282650
283015
284348
284777
287209
287325
287325
287727
287727
287735
288197
289973
292762
293933
294843
295382
296447
298195
299131
299142
299189
299639
300299
300552
300723
301770
303883
304538
305325
306959
307645
307718
307992
308091
308733
309731
310143
310602
311337
311839
312071
312609
313959
315246
316081
316365
317369
318748
318851
319970
320832
321139
321862
321928
322642
323824
324353
324438
324512
325265
326840
327874
328348
329356
329907
331777
332983
333173
334969
335745
336196
339333
340836
341806
341811
341873
342638
342751
343406
343529
343611
343755
344461
344485
344846
345589
346291
346352
346630
347862
348319
348776
350201
350529
351003
352569
354362
355785
356025
356164
360891
363212
368521
369628
371858
374030
374805
374821
377372
378280
379834
379979
380280
380850
380866
381153
381490
383149
383377
383936
384634
389245
389408
389704
390043
390571
390602
390622
392582
393091
397955
398306
398864
400263
402003
402283
403187
403315
403542
403670
403856
404666
405045
405311
405672
408360
410086
410825
410927
410997
411273
412168
412348
413274
413475
414042
416907
416909
417249
417249
419267
419935
420043
420358
421927
423122
424924
426289
426529
426614
426986
427491
427682
427723
427847
427962
428480
429079
429295
431739
433170
433453
434409
435107
435880
438626
439202
439312
440138
440190
440506
441487
442249
442719
442966
443270
444270
444405
444801
444972
445199
445290
445599
446580
447002
448245
449151
449797
450393
451331
451757
452109
452874
452957
453817
457199
457345
457572
461224
461670
463145
463528
464683
465060
465242
468197
468241
468706
470916
471235
471406
472074
472706
473255
473968
474672
474759
474997
475065
475384
475922
476436
476490
477313
477941
478202
478686
479615
480241
481020
484736
485279
486561
486716
486887
487448
487657
487962
488412
489345
489347
489453
489468
489560
489625
491760
492570
492797
493967
495481
495806
495942
496933
496978
497247
497791
497941
498395
498664
499319
500558
500701
501208
501383
502088
503148
503451
505216
506385
507650
508706
508871
510253
510253
511339
512478
512971
514210
514329
514467
514736
517846
520183
520330
521857
521872
523052
523202
525464
525677
525916
526141
526448
526695
527054
527774
528987
532093
532477
532859
533394
534969
535410
536894
537596
537655
538105
538721
539105
539307
540744
542716
542839
542991
544664
547056
549314
549890
550059
550672
551980
552723
552744
552952
553365
553392
553709
553881
554040
554335
554416
555372
555833
557675
557687
557924
558735
559590
560386
561094
561996
562801
563844
564105
565291
565759
566237
566583
567122
568602
568819
568844
569486
569710
569742
572631
574112
574152
574188
575081
575754
576010
576928
577181
577761
578022
579289
579773
580210
582189
583922
585125
585590
586181
586858
587425
587476
588286
589346
589823
590489
591163
591827
592059
592158
592221
592324
592508
592524
594251
595655
595783
595996
596643
597252
597695
598997
599651
600509
601309
601509
601587
602459
603438
604522
604774
604806
607069
607069
607140
607378
609790
610010
610565
611990
612202
612645
612650
613431
614554
614562
614868
618044
618147
618470
618605
619525
620196
620456
620675
622161
623835
623835
624382
627827
627827
629955
629982
630989
632392
634502
635896
636084
636549
636805
636923
637340
637863
638043
638336
640202
641451
641566
641946
644028
645374
649642
651596
652979
653080
653729
653909
655218
656085
657183
659627
659794
660958
661820
663790
665921
666033
666117
667349
668242
670478
670478
670885
671791
671814
672740
673011
673336
674623
674740
676571
677633
678215
679337
679899
679899
680408
682378
682469
682835
683781
684777
686049
687074
687594
688624
689214
689499
689626
690541
690552
692530
693016
693249
693853
694025
694087
694855
694855
694917
695012
695685
696050
696675
696675
696846
699459
699764
700316
700345
700887
701473
702308
703641
704025
704556
704986
705527
705845
706157
706179
707823
707823
708036
708213
710597
712824
712827
713539
713810
713810
714050
715121
715278
715924
718066
718430
718757
719575
720016
720212
720513
721855
721875
722872
723342
723648
724270
724360
724787
725138
725464
726608
726803
726813
728545
728545
729399
731368
731899
731903
733366
734234
734491
734629
735562
736310
736413
737132
738721
740102
743677
744079
744353
746929
747018
748318
748442
748794
750267
750320
752032
752489
752910
754354
754433
756294
757748
759423
760632
760638
760761
761262
761557
761753
761973
761999
762309
762993
763030
764497
765498
765654
767836
769192
769439
770639
772888
774253
776246
776864
777997
780781
781124
781407
782879
782969
783950
784728
785276
786895
787726
788946
789328
789543
790639
793141
794718
794993
796094
796560
797396
797792
797824
798586
799004
801620
801720
801720
801875
802803
802868
802950
803139
803263
804089
804170
804348
804677
807223
807476
809265
809393
810588
811113
811500
812388
813097
813271
813277
813736
813736
813775
814253
814706
814897
815514
818164
818222
819556
820108
820849
821178
821531
824229
825155
825168
827282
828425
828619
829538
830318
830653
830693
831075
831932
832546
834487
834487
834614
835148
836466
839062
839683
839718
840766
840803
841155
841314
843073
843555
844150
844609
845118
845764
846907
847411
847623
847969
848508
848934
849309
849899
849972
850956
851527
852350
852955
853753
854297
854407
854728
857525
857896
858985
859043
859449
859694
861152
861352
862705
862886
863390
864773
864881
864995
865050
865128
867392
867694
868758
870361
872295
872658
874641
874653
875010
877609
879807
881232
882275
882459
882769
883351
885277
885491
885826
887273
888035
891103
891178
891420
891586
893610
896827
899925
900973
901376
902193
903176
903537
903737
904266
908226
909963
909988
910809
911909
912320
912751
914011
914277
914383
914473
915468
916673
917192
917456
917622
917945
922017
922171
922381
922585
922872
924651
926964
927179
927449
928818
929753
931545
932115
932874
933511
933633
933775
933866
934080
934174
934238
934648
936078
936379
936842
937132
939822
939971
941479
941949
942149
942727
943116
944055
945075
945957
947361
947777
948177
948903
949734
950067
950861
951081
952085
952204
952490
953195
954366
954638
956312
956552
957104
957760
958222
959175
959689
959744
960560
963637
964619
964626
965062
966061
966977
969115
969186
970657
971179
972576
972887
973139
975192
976409
977025
977285
978069
978580
980799
981547
984080
984306
984827
985095
985550
985554
986889
986987
989001
989733
989812
990170
990491
991205
993364
994203
996188
997439
997797
998565
999113
999549
999853
999886
1000359
1000735
1001722
1001937
1002019
1003737
1003795
1004621
1006058
1008621
1008962
1009002
1009823
1010706
1011681
1011913
1012375
1013073
1014180
1015701
1017647
1018635
1018928
1019140
1019562
1021266
1021905
1021972
1023698
1023914
1024260
1025031
1025161
1025351
1026650
1026665
1027864
1028553
1028764
1029238
1029472
1029664
1030121
1030278
1030766
1031393
1032044
1032625
1033172
1033769
1035463
1035686
1035686
1037546
1037946
1038155
1038318
1038683
1039374
1039427
1040362
1041441
1041800
1042065
1043039
1043719
1043761
1044020
1044800
1044940
1046265
1046290
1046960
1047737
1048049
1049354
1050452
1051013
1052018
1052127
1053362
1053475
1054068
1054701
1054760
1055375
1055511
1055530
1057037
1058542
1058851
1059029
1059151
1059555
1061105
1061983
1062647
1062881
1063897
1064638
1064763
1065436
1065517
1068014
1068459
1068482
1068549
1069405
1069641
1070258
1071025
1071846
1072667
1073578
1077086
1077280
1079781
1080360
1080537
1081016
1081681
1082202
1082456
1084440
1085173
1087029
1088567
1088836
1089134
1089405
1089839
1089839
1090642
1091258
1091293
1091322
1093722
1093840
1094241
1094320
1094484
1094549
1095154
1097406
1097561
1097688
1098103
1098353
1099240
1099385
1099478
1100526
1100551
1100607
1101134
1101800
1102431
1103396
1103596
1103932
1103965
1104480
1105317
1105342
1105636
1106326
1108114
1108433
1111433
1112326
1113065
1113181
1113582
1114741
1115066
1115171
1115301
1115496
1115848
1116195
1116998
1117549
1118359
1118447
1118447
1118825
1118955
1119589
1119800
1120345
1120703
1121819
1122039
1122294
1123015
1123495
1124527
1125548
1125776
1127966
1128076
1128186
1129397
1130225
1131486
1132215
1132446
1133071
1133342
1133412
1133720
1133892
1135009
1135388
1135897
1135918
1136183
1136346
1137589
1137869
1138017
1138300
1138864
1138980
1141165
1141185
1141490
1141954
1142298
1142584
1142584
1142913
1142929
1143199
1143378
1143984
1144506
1144760
1145038
1145499
1145688
1146714
1148219
1148766
1149055
1149350
1149539
1151932
1152208
1153362
1153958
1154130
1154954
1155685
1157433
1158455
1159261
1159808
1160410
1161816
1162442
1162481
1163568
1164106
1164695
1164904
1166781
1167048
1167233
1168787
1169705
1170066
1170576
1171477
1171565
1172242
1172286
1172362
1172762
1173995
1174730
1174738
1175574
1175811
1175922
1176931
1176935
1177025
1177052
1177427
1178518
1178839
1179090
1180041
1180269
1180611
1180790
1181265
1181368
1182722
1182724
1183479
1183494
1183740
1184746
1185007
1185741
1186798
1187435
1187440
1187453
1188218
1189307
1189647
1189846
1190461
1190687
1193376
1193376
1193563
1193634
1193885
1194175
1194229
1194480
1194980
1196752
1199750
1201483
1201778
1202228
1202547
1202799
1202981
1203574
1204303
1207039
1207844
1207997
1208555
1209044
1209330
1209588
1211214
1211332
1211716
1212471
1213152
1214072
1214914
1216211
1217980
1220129
1221413
1221468
1221765
1222064
1226318
1226331
1227785
1229657
1229966
1230669
1235997
1237254
1237254
1237561
1238024
1238148
1239255
1240653
1241315
1241719
1241719
1242260
1245997
1246203
1246783
1247266
1248320
1248473
1249326
1249853
1249853
1251183
1252256
1252600
1252710
1253852
1254047
1254569
1254686
1254790
1254790
1254950
1255967
1257057
1259177
1260347
1260651
1261969
1261998
1262014
1262440
1263155
1263568
1264197
1264953
1265452
1265830
1266681
1267940
1268620
1270350
1270357
1270440
1271209
1271902
1272676
1273571
1273571
1274393
1275361
1275427
1276863
1277905
1277944
1278680
1279404
1279815
1281672
1282665
1282868
1282868
1285509
1289464
1289952
1290388
1290489
1291339
1291459
1292332
1292810
1293309
1293451
1294004
1301874
1303758
1303888
1305348
1306347
1307454
1307454
1307957
1308282
1308389
1309010
1311931
1312209
1312236
1313519
1313953
1314979
1316822
1316886
1318256
1318695
1319404
1320072
1321317
1321317
1323279
1324132
1325936
1326368
1326759
1327199
1328823
1328956
1329890
1329890
1330160
1331324
1331358
1332374
1332394
1332864
1333568
1334352
1334645
1335623
1335638
1335917
1337440
1338781
1339296
1339713
1343293
1343797
1343896
1344873
1345230
1345599
1346306
1346630
1347630
1347717
1350473
1351145
1351543
1351601
1352194
1352811
1355393
1355798
1356457
1358095
1359098
1359424
1361000
1361553
1362476
1362553
1362784
1363821
1364589
1364670
1365684
1366171
1366780
1367591
1369417
1369954
1370150
1370195
1370677
1370911
1371770
1372549
1374246
1374309
1374584
1375572
1375833
1376118
1376374
1377680
1379453
1379633
1380725
1380768
1380972
1381365
1381629
1381689
1382143
1382301
1382301
1383492
1384678
1384701
1384941
1385028
1385169
1385619
1385938
1386910
1387681
1387741
1387968
1388502
1388832
1389471
1390945
1393233
1393912
1394040
1395168
1395172
1395827
1395881
1396069
1396747
1396794
1397673
1398701
1398908
1400120
1400457
1400964
1401003
1401445
1402462
1402666
1403901
1406139
1407046
1407672
1407957
1408436
1408955
1408959
1409852
1410491
1410491
1410969
1411086
1411165
1412650
1412732
1412841
1412841
1413553
1413865
1414626
1416414
1416609
1417194
1417809
1417893
1417977
1418571
1418571
1419372
1419457
1419687
1420860
1420863
1421583
1421659
1422114
1422181
1422203
1423318
1423710
1424613
1425102
1425597
1425646
1426313
1426576
1426731
1426847
1426950
1427529
1428399
1429896
1430182
1430671
1430705
1431717
1432027
1432676
1433157
1433157
1433267
1433408
1433901
1434815
1434999
1436020
1436028
1436148
1437285
1437422
1437482
1437536
1438473
1439596
1439695
1440333
1440442
1440940
1441086
1441376
1441535
1442731
1442892
1443160
1444210
1444211
1444368
1445495
1445698
1445734
1445910
1446135
1446434
1446530
1446864
1447118
1447426
1447503
1448167
1449120
1449291
1449616
1450246
1450743
1450828
1451996
1452289
1452778
1453173
1453248
1453580
1454092
1454094
1454909
1455406
1455890
1455890
1456154
1457492
1457843
1458664
1458997
1459782
1460687
1461042
1461042
1461205
1461581
1461723
1461843
1462865
1463092
1463201
1463317
1463853
1464207
1464632
1465096
1465718
1465847
1466078
1466514
1467650
1468456
1468799
1468814
1468855
1469112
1469389
1469714
1470021
1470270
1470744
1470833
1471159
1471455
1472016
1472305
1472631
1473890
1475155
1476031
1476207
1476283
1477061
1477162
1477168
1477488
1479336
1479358
1480010
1480020
1483440
1483694
1485015
1485050
1485134
1485403
1485448
1485508
1485686
1485800
1486373
1486493
1487385
1488031
1488222
1489175
1489673
1489961
1490064
1490354
1491520
1491620
1493161
1493246
1493346
1493468
1494402
1494596
1494768
1494995
1495350
1495515
1495975
1497746
1498120
1498292
1498580
1499428
1500216
1500717
1501811
1501909
1501976
1502881
1503139
1503276
1503413
1503611
1503620
1503773
1504646
1504889
1505301
1505335
1505692
1507183
1507206
1508378
1508559
1508608
1508646
1509284
1509442
1510766
1510970
1512190
1512814
1512987
1513047
1514207
1514857
1515251
1515871
1516059
1516368
1516493
1517210
1517469
1517653
1518087
1520306
1520349
1521727
1521740
1521961
1522500
1522682
1522956
1524862
1525340
1526418
1526547
1526598
1527287
1527799
1527805
1527880
1528577
1529017
1529117
1529132
1529324
1529623
1529954
1530053
1530309
1530494
1530605
1530688
1530735
1530852
1531297
1532565
1533134
1534471
1535387
1535445
1535539
1535604
1537214
1537458
1537520
1537621
1537735
1538918
1540591
1540760
1541110
1541439
1543281
1543765
1544211
1545464
1545561
1545877
1546103
1546570
1546669
1546815
1547041
1549343
1550473
1550473
1550666
1550897
1551679
1551699
1551854
1552076
1552533
1552870
1553736
1555388
1555474
1555677
1556020
1557403
1557977
1558447
1558459
1558459
1558817
1558890
1558961
1559247
1560242
1560476
1560498
1561453
1561754
1562562
1562666
1562825
1563076
1563099
1564738
1564738
1566183
1566387
1567817
1568900
1569357
1569800
1570220
1570552
1570858
1571183
1571634
1571643
1573383
1574991
1578153
1583232
1583734
1584898
1585512
1585562
1585832
1587644
1590497
1590719
1591942
1592267
1598304
1598331
1599484
1600114
1601303
1603734
1606010
1606382
1607687
1610447
1612474
1613223
1613223
1614884
1615108
1615306
1616584
1617137
1618012
1619787
1620651
1620698
1620781
1621147
1622024
1622839
1625224
1625863
1627443
1629022
1630580
1630647
1630972
1631303
1631303
1631345
1632479
1633365
1633742
1633851
1638662
1638733
1639835
1642973
1645798
1653574
1654642
1655792
1657108
1657293
1657510
1657804
1658907
1661703
1662856
1662903
1662919
1663180
1663306
1664409
1665072
1665646
1665729
1666007
1667314
1667519
1667811
1667823
1668913
1669362
1670892
1672470
1672533
1673068
1674023
1674325
1674621
1675482
1676280
1676398
1677462
1678346
1679560
1683595
1685278
1685300
1685618
1686329
1686713
1686845
1688214
1689746
1692186
1692688
1694999
1695371
1695609
1697442
1698404
1698552
1698788
1700388
1701418
1701539
1701857
1702375
1702824
1705862
1706631
1715970
1716549
1717445
1720052
1720631
1720879
1725568
1726608
1727771
1730747
1731050
1731068
1731591
1732205
1732472
1733334
1733850
1735596
1735974
1736084
1736529
1736701
1737168
1737529
1739401
1739915
1740604
1741630
1741753
1742137
1742625
1743087
1743200
1743605
1744331
1744362
1744363
1744840
1745026
1745073
1745605
1745688
1746767
1746877
1746914
1747063
1747827
1748255
1749024
1749299
1749705
1750142
1750190
1750386
1751864
1752376
1752598
1752643
1752837
1756273
1757079
1757215
1757278
1757563
1758637
1758686
1760174
1760217
1760659
1761430
1761798
1762633
1763709
1763820
1764742
1766223
1766659
1767091
1767458
1767816
1768943
1769844
1769862
1771433
1771479
1771634
1772309
1772309
1773420
1773534
1774154
1774448
1774638
1777026
1777841
1779458
1780242
1780676
1781433
1781809
1782537
1782593
1782773
1782948
1783415
1783765
1783820
1784177
1784559
1784609
1784735
1785327
1785593
1785681
1785874
1786053
1786104
1786221
1786284
1788222
1791181
1791306
1791427
1792271
1792812
1794362
1794446
1794615
1795269
1795507
1796121
1796341
1796507
1796995
1797144
1798170
1798399
1798845
1800127
1800132
1800358
1800373
1800587
1801358
1801436
1801648
1802542
1803614
1804191
1804431
1805917
1806124
1806145
1807474
1807616
1808118
1808123
1808168
1808461
1809888
1810646
1811598
1811694
1812095
1812552
1813440
1813942
1813987
1815092
1815275
1815600
1816459
1817571
1818192
1818797
1819403
1821244
1821439
1822657
1823008
1823029
1823969
1825308
1825877
1826137
1826580
1827149
1827219
1828510
1828655
1829911
1829919
1831246
1831287
1831450
1832364
1832562
1832852
1833024
1833310
1833627
1834539
1835087
1837027
1837348
1837759
1838515
1838576
1838862
1839165
1839274
1839817
1839888
1840063
1840476
1840479
1841510
1842592
1842838
1843001
1845249
1845393
1847629
1848051
1848112
1848425
1848909
1849171
1849284
1849622
1850021
1851376
1851941
1852498
1852854
1852949
1853768
1854030
1854844
1855167
1857214
1857373
1858133
1858394
1858478
1858662
1859746
1860102
1860106
1860813
1860897
1862416
1862661
1863829
1864110
1865046
1865363
1865599
1866423
1866462
1866947
1869402
1869404
1869513
1869527
1871782
1872000
1872073
1872116
1872303
1872474
1872628
1873399
1874021
1874792
1875020
1875779
1876093
1877723
1880448
1880810
1881026
1881194
1881852
1882297
1882436
1882652
1883641
1883719
1884148
1884451
1886677
1886885
1887392
1887394
1887828
1888098
1888657
1888724
1889799
1890828
1892833
1893791
1894162
1894223
1894444
1894930
1896810
1897268
1898303
1899090
1899595
1899706
1900404
1901171
1901173
1901457
1901509
1901969
1902899
1903640
1905405
1905560
1905899
1906080
1906112
1906159
1906720
1906903
1907301
1907351
1907780
1908095
1908567
1908749
1908858
1908858
1909050
1910626
1910666
1911325
1912840
1912852
1913815
1914024
1914343
1914748
1914904
1915213
1915318
1915609
1915799
1916066
1916381
1916769
1916980
1917743
1917948
1917948
1918138
1918601
1918784
1919036
1919089
1919156
1919947
1920578
1921066
1921111
1921430
1923005
1923120
1923374
1923615
1923730
1924255
1924454
1924682
1924985
1925347
1925950
1926843
1927218
1927339
1927518
1928411
1929628
1929911
1930014
1930477
1931198
1931344
1931399
1931649
1932402
1933585
1933869
1933910
1934170
1934420
1935139
1935512
1935536
1935765
1936442
1936565
1937645
1938737
1940305
1940624
1940691
1940788
1941204
1941713
1942893
1944060
1944593
1944724
1945465
1945556
1946244
1946612
1947062
1947457
1947854
1948283
1948572
1949185
1949235
1949321
1949650
1949770
1950846
1951298
1952943
1953733
1953782
1953862
1954424
1954501
1955420
1956961
1957297
1957773
1958324
1959568
1959603
1959692
1959886
1960160
1961027
1961127
1962010
1962029
1962043
1963052
1963274
1965058
1965556
1966301
1966723
1967725
1967895
1968152
1968152
1968246
1968375
1969792
1969813
1970309
1970389
1973018
1973246
1975147
1975619
1975667
1975821
1976154
1976416
1977000
1977335
1978393
1978397
1978498
1978629
1978709
1978801
1979096
1979139
1979204
1979589
1983196
1983196
1983821
1984344
1984405
1985982
1986722
1987211
1987542
1988674
1988710
1988785
1991015
1991954
1992702
1993364
1994346
1994682
1995591
1995835
1997869
2000772
2004195
2004688
2005064
2006006
2006778
2006778
2007497
2008641
2008933
2010445
2011091
2012364
2014402
2015560
2017661
2018539
2018645
2019007
2019397
2019718
2021679
2023989
2024325
2026043
2028394
2029868
2030559
2031296
2032246
2032777
2032860
2032970
2034918
2035685
2038712
2038866
2040206
2040648
2041372
2041477
2041744
2041751
2042671
2044492
2044497
2045194
2045580
2045580
2046383
2046900
2049571
2050906
2052713
2053642
2054853
2055565
2056184
2056618
2057168
2057168
2058272
2058908
2060119
2060735
2061631
2062294
2063227
2064203
2064938
2064988
2065173
2065413
2065457
2065946
2066650
2067127
2067973
2068372
2072659
2074594
2075122
2075983
2076230
2076454
2076736
2076974
2077866
2078314
2078616
2079711
2081438
2081613
2083340
2084380
2085724
2085741
2086572
2086907
2087828
2088637
2088968
2090544
2090702
2092173
2092635
2093652
2094179
2096467
2097799
2098218
2100490
2100490
2102852
2104868
2106569
2107103
2107150
2107401
2108813
2109012
2109198
2109505
2109605
2109822
2110451
2111749
2112365
2112769
2113482
2113600
2114810
2118959
2119636
2119996
2120624
2121184
2121184
2122824
2125308
2127676
2128156
2128451
2128637
2132005
2132005
2132416
2132492
2133068
2133610
2135456
2136422
2136444
2137177
2138329
2139434
2139459
2139927
2140401
2141539
2141591
2142406
2142432
2142770
2142998
2143266
2143404
2144264
2144403
2145082
2145103
2146348
2148228
2148597
2148902
2149069
2149148
2149337
2149564
2149847
2151314
2151926
2153086
2153802
2153871
2154558
2154635
2154641
2154761
2154983
2155624
2155645
2157315
2157315
2157379
2157494
2158725
2159554
2159923
2159923
2160281
2161336
2161395
2161700
2161779
2162967
2163228
2164156
2164342
2164868
2165693
2166402
2166712
2167694
2167856
2169049
2169521
2169580
2169799
2169897
2170087
2170254
2171045
2171045
2173021
2173093
2173417
2173868
2173962
2174661
2174949
2176095
2176152
2176278
2176583
2176583
2177672
2178187
2178692
2179586
2180158
2180649
2181126
2181260
2181492
2181597
2183795
2184697
2185651
2186280
2186831
2188608
2188612
2189432
2190063
2190262
2190702
2190744
2190861
2191417
2191417
2191477
2191633
2192075
2192435
2193166
2193274
2193576
2193726
2194877
2196522
2196564
2196650
2196712
2196817
2198163
2198702
2199532
2199759
2200325
2200539
2202417
2203696
2203961
2204495
2206316
2207140
2207351
2207870
2207870
2208464
2208564
2209209
2209745
2210012
2210697
2210715
2211158
2211158
2211329
2211834
2212073
2213055
2213473
2213969
2214421
2216155
2216544
2216924
2217023
2217146
2219944
2220414
2220882
2221150
2222036
2222516
2223158
2223494
2224394
2225533
2225861
2226427
2227188
2227856
2227859
2229171
2229348
2230182
2230494
2230575
2230694
2231344
2231488
2233108
2233976
2234105
2234443
2234633
2235531
2235834
2237224
2237278
2237479
2237487
2238309
2239697
2239746
2240048
2240523
2240668
2241139
2241237
2242189
2242372
2243197
2243550
2243948
2244507
2244645
2245104
2245432
2245758
2247160
2247638
2248219
2248323
2249211
2249899
2249995
2250271
2250976
2252125
2252245
2252348
2252646
2252874
2253442
2254203
2254906
2255341
2256068
2256948
2257233
2258572
2260181
2260665
2262089
2263840
2264353
2264353
2264903
2265281
2265738
2266200
2266210
2266643
2266704
2266808
2268025
2268025
2268269
2268694
2269016
2269734
2270815
2271318
2273376
2273458
2274670
2276223
2276596
2276914
2276979
2278077
2278584
2280659
2280773
2281624
2283206
2283619
2284364
2284369
2284545
2285801
2285970
2286116
2286260
2287237
2288129
2288711
2288718
2289075
2289378
2289620
2289682
2289734
2289842
2289994
2291483
2293620
2294498
2294679
2295103
2295260
2296093
2296691
2297228
2297461
2297637
2297708
2298379
2300234
2300519
2301179
2301525
2302380
2302617
2303724
2303936
2304220
2304352
2305137
2305333
2305602
2305627
2306654
2306811
2308540
2309781
2310088
2310210
2310712
2310947
2311513
2312591
2312636
2316116
2317399
2317408
2317704
2317790
2318551
2319882
2320640
2320678
2320702
2321139
2323681
2325911
2325993
2326293
2326626
2327302
2327304
2327327
2328325
2328817
2329013
2329147
2329857
2331458
2331458
2332698
2334493
2335087
2335379
2335759
2335986
2336539
2337181
2338037
2338055
2338813
2338972
2339327
2339734
2339783
2340080
2341063
2341377
2341669
2341744
2342435
2342756
2343925
2344965
2344972
2346532
2346856
2346903
2348294
2349470
2350929
2352471
2353025
2353469
2353614
2354478
2354778
2355584
2355800
2355810
2356045
2356539
2356894
2357413
2357428
2357734
2358170
2358364
2358516
2358516
2359203
2359347
2359495
2360780
2362402
2363014
2363628
2364287
2364302
2364656
2364823
2365876
2366240
2367882
2368060
2368101
2368539
2369071
2369907
2371494
2371742
2372118
2373273
2373375
2374376
2374519
2374644
2374762
2374839
2374942
2375090
2375926
2375930
2375953
2376385
2376908
2378545
2379021
2380987
2381104
2381233
2381909
2381933
2382128
2383711
2383747
2383850
2384144
2384642
2384795
2384795
2385928
2386909
2386915
2387341
2387528
2388457
2388588
2388761
2388948
2389479
2389497
2391059
2391287
2391293
2391649
2392178
2394584
2394597
2395871
2396148
2396232
2397846
2398421
2399047
2401426
2401858
2401952
2402129
2403116
2403476
2404036
2404277
2406224
2406403
2407186
2407343
2407872
2408222
2408671
2409346
2409604
2410238
2411247
2411489
2411708
2411955
2412065
2413604
2413665
2413840
2413955
2414036
2415159
2415182
2416131
2416292
2416379
2416790
2417050
2417150
2418674
2419500
2420528
2421077
2421516
2421541
2421654
2421710
2422467
2422625
2423307
2423479
2423925
2424343
2425401
2425527
2425527
2426085
2426731
2426930
2426986
2427263
2427438
2427589
2428258
2428259
2428956
2429100
2429238
2429245
2429366
2429788
2429923
2430206
2431595
2431720
2431925
2431943
2431943
2432231
2433472
2433492
2433937
2434142
2435204
2435275
2435341
2436792
2437074
2437300
2437529
2438478
2438875
2438879
2439067
2439590
2439770
2439827
2440813
2441386
2442886
2443851
2445201
2445762
2446877
2446915
2447034
2447511
2448578
2449774
2450235
2450815
2452070
2452070
2452265
2452284
2452453
2452457
2452643
2453134
2453156
2453179
2453550
2454416
2455946
2456139
2456377
2457539
2457903
2458106
2458140
2458480
2459481
2459772
2460151
2460389
2461444
2463148
2463148
2463205
2463239
2463628
2463903
2464413
2466055
2467864
2468604
2468678
2469101
2469440
2469768
2470358
2470472
2470536
2471028
2471241
2471654
2471768
2472766
2473141
2473447
2473770
2474295
2474960
2475026
2475026
2481655
2481701
2481720
2482014
2483827
2484440
2484588
2484739
2485254
2485314
2485557
2488522
2489569
2493762
2494127
2494344
2495974
2496729
2496729
2497360
2498058
2500663
2501675
2502257
2502813
2506087
2506378
2508806
2509266
2509833
2510073
2510423
2511224
2512144
2513434
2514121
2514250
2514456
2514469
2514799
2514852
2515443
2515748
2515748
2515748
2515748
2516198
2516867
2519828
2520234
2520876
2522483
2522550
2523097
2523409
2524484
2526066
2527584
2527644
2530901
2530948
2531528
2533773
2534268
2534397
2534750
2534797
2534998
2535770
2537310
2538709
2539353
2539551
2541566
2545405
2545907
2546139
2546247
2548142
2551052
2552309
2552309
2553341
2554641
2556282
2557257
2557356
2559397
2560805
2565291
2565387
2566476
2566606
2567091
2570478
2572135
2572521
2572521
2573007
2573235
2573587
2575837
2576550
2578461
2579221
2579480
2579504
2579610
2579626
2580324
2581386
2582507
2582712
2583035
2585013
2585217
2586480
2586614
2587125
2587146
2588507
2589931
2590526
2591558
2592553
2592553
2593056
2593081
2593586
2594117
2596659
2596757
2596851
2599222
2599297
2599566
2600651
2601482
2601533
2603326
2604633
2605633
2606308
2606373
2607244
2608155
2610016
2610187
2610619
2610781
2611591
2612096
2612917
2613402
2613792
2613818
2614226
2614242
2614383
2615050
2615677
2617419
2619426
2620108
2620645
2620941
2621102
2621522
2622655
2622655
2623536
2623536
2623636
2624284
2625947
2626045
2626426
2626517
2627011
2627074
2627774
2628134
2628178
2628261
2628553
2629033
2629207
2629370
2629384
2629754
2630490
2632040
2632972
2632991
2633245
2633516
2634142
2634713
2635450
2635717
2635816
2636133
2636133
2636988
2637598
2638555
2638555
2639284
2639900
2639932
2639952
2640341
2641090
2641850
2642059
2642475
2642684
2643501
2643860
2645113
2645199
2645468
2645911
2646293
2646451
2646522
2646574
2646935
2647980
2648084
2648292
2648825
2649431
2649460
2649811
2649892
2650193
2650382
2650740
2651600
2651616
2651894
2652178
2652285
2652500
2652872
2652872
2652969
2653466
2654324
2654551
2654780
2654924
2655033
2655783
2655795
2655939
2656384
2657048
2657074
2657158
2657442
2658890
2659657
2660341
2661341
2661623
2661758
2662560
2664127
2664210
2664530
2664704
2665050
2665076
2665161
2665371
2665429
2665530
2665555
2665673
2665988
2666434
2666549
2667777
2668343
2668650
2668821
2669527
2669528
2670264
2670433
2670692
2670761
2671957
2672112
2672176
2673050
2673379
2673690
2673836
2673845
2674238
2674664
2675088
2675262
2675381
2676169
2676446
2677556
2678010
2678423
2678698
2679246
2679440
2680416
2680559
2681336
2681610
2682108
2682343
2682859
2683182
2684903
2685437
2685829
2686200
2686256
2686646
2686725
2686871
2687045
2687240
2687279
2687496
2688469
2688469
2688562
2688858
2689294
2689812
2690048
2691431
2691610
2691662
2692869
2693525
2694398
2694462
2695397
2696240
2696527
2696875
2697175
2697224
2697729
2697806
2698046
2698139
2698344
2698555
2698933
2699202
2699404
2699630
2701657
2702174
2702439
2702872
2703426
2703624
2703788
2705150
2705197
2705674
2705996
2706574
2706602
2706826
2707138
2708533
2709703
2711279
2711730
2711769
2713497
2714789
2714806
2716290
2716393
2717076
2717626
2717873
2717873
2717979
2718366
2718664
2719156
2719441
2719730
2719764
2720340
2720340
2720713
2720973
2720995
2721178
2721298
2721770
2722129
2722596
2722634
2722872
2723095
2723143
2723161
2723185
2723323
2723443
2723576
2723848
2724852
2725116
2725411
2725548
2725772
2726147
2726660
2727091
2727527
2728023
2728997
2729787
2730879
2731235
2731315
2731460
2733434
2733733
2733813
2734765
2734818
2735285
2736923
2737091
2737318
2737318
2737882
2738534
2738953
2739139
2740490
2740667
2740995
2741014
2741173
2741299
2741820
2741953
2742245
2742294
2743486
2743659
2743710
2743720
2744407
2744416
2744450
2745117
2745779
2745956
2746195
2746562
2746987
2747023
2747384
2747420
2747728
2748249
2748472
2748694
2748801
2749666
2749992
2750105
2750255
2751059
2751445
2751955
2752444
2752444
2752907
2754681
2754764
2756864
2756995
2757041
2757702
2757826
2758719
2758767
2758831
2758903
2758944
2758985
2759737
2760266
2760266
2760369
2760673
2760712
2760831
2761345
2761435
2761623
2762041
2762095
2762541
2762898
2764219
2765348
2765524
2766068
2766277
2766737
2767309
2767549
2768254
2768806
2769143
2769518
2769792
2771656
2772172
2772547
2772727
2772964
2772964
2772966
2773698
2774460
2775164
2775462
2775617
2775861
2776035
2776423
2776432
2776526
2776787
2776901
2777014
2777277
2777710
2777711
2779120
2779444
2780060
2780629
2780973
2781046
2781087
2781109
2781159
2781582
2781674
2782505
2782559
2783114
2783449
2783958
2783974
2785145
2785878
2785878
2786388
2786427
2786550
2786600
2786852
2787290
2787578
2787835
2788243
2788670
2789053
2789412
2789537
2791352
2792053
2792228
2793791
2794478
2795106
2795281
2796401
2796945
2797076
2797237
2797544
2798183
2798193
2799805
2799981
2800129
2800967
2800969
2801136
2801283
2801585
2801923
2803378
2803606
2803653
2804097
2804858
2804901
2805422
2805517
2805898
2805920
2806989
2807392
2807426
2807935
2808161
2809325
2810594
2810665
2810703
2810785
2810850
2811082
2811112
2811638
2812057
2813623
2815006
2815111
2815198
2815556
2816701
2816816
2817172
2817865
2818290
2818395
2818754
2818789
2819515
2819701
2819719
2820504
2820553
2820720
2821168
2821501
2821604
2821643
2821767
2822373
2822416
2823115
2823433
2823664
2823756
2824085
2824281
2824592
2825081
2825240
2825982
2826016
2826231
2827526
2827531
2827931
2827939
2828076
2828162
2828262
2828303
2828392
2828571
2828969
2829688
2829758
2829910
2830183
2830641
2830931
2831080
2831210
2831352
2831375
2831458
2831605
2831980
2832172
2832726
2832871
2833197
2833694
2834128
2834697
2834769
2836582
2836656
2837347
2838027
2838258
2838853
2839295
2839295
2839548
2839880
2840785
2840914
2841677
2842056
2842056
2842143
2842243
2842574
2842612
2842768
2842798
2844907
2845049
2845568
2846710
2846901
2848418
2848443
2848443
2849957
2850107
2850687
2850938
2851615
2852210
2853122
2853434
2853684
2853684
2853784
2854067
2854091
2854476
2855725
2855738
2856611
2857302
2857348
2857374
2857463
2858922
2859272
2859529
2859786
2860005
2860069
2860484
2860840
2861380
2861691
2861977
2862562
2862758
2863137
2863272
2863667
2864194
2864562
2864799
2865057
2865403
2866135
2866161
2866360
2866503
2866692
2866699
2867568
2868504
2869162
2869319
2869668
2869778
2869792
2870523
2871029
2871161
2871173
2871862
2872149
2872294
2872301
2872445
2872932
2873199
2873927
2873944
2874831
2874917
2875030
2875512
2876153
2876361
2876641
2877301
2877749
2877826
2879114
2879261
2879281
2879560
2879642
2879849
2880504
2880550
2881739
2881816
2881816
2881988
2882067
2882330
2882515
2883118
2883687
2883915
2884235
2884417
2884840
2884872
2885314
2885856
2886196
2886285
2886446
2887366
2888215
2888462
2888586
2888657
2888730
2889174
2889235
2889929
2890047
2890345
2890471
2890802
2890878
2891338
2891991
2893330
2893946
2894106
2894185
2896243
2896314
2896672
2896738
2897000
2897076
2897295
2897448
2897661
2897856
2898040
2898328
2898461
2898779
2899000
2899163
2899211
2899462
2899627
2899638
2899846
2900801
2901108
2901385
2901627
2902830
2904051
2904931
2905107
2905668
2905668
2905710
2906427
2907579
2907674
2907974
2908016
2908787
2908955
2909490
2909518
2909865
2909958
2910362
2910632
2911646
2912353
2912576
2912847
2912957
2913793
2913894
2915821
2916236
2916962
2917069
2917373
2917373
2917458
2917737
2917832
2918244
2918342
2918450
2918547
2918763
2919123
2919156
2919846
2919906
2920881
2920941
2921030
2921613
2923292
2923410
2923915
2924099
2924392
2924831
2925665
2925820
2925826
2926163
2926856
2926856
2927222
2927224
2927229
2927513
2928086
2928222
2928450
2928580
2928700
2929237
2929252
2930178
2930286
2930564
2931727
2931989
2932472
2932540
2934017
2934115
2934176
2934239
2934440
2934450
2934545
2934575
2935161
2935841
2936557
2936847
2936858
2937039
2937163
2937163
2937666
2938242
2938514
2938594
2938892
2939564
2939598
2940255
2940762
2941051
2941102
2941307
2941767
2941989
2942374
2942406
2942666
2942769
2942824
2943521
2944647
2944828
2945045
2945232
2945613
2946497
2948452
2948763
2948851
2949007
2949091
2949114
2949215
2949563
2949929
2950111
2950799
2950822
2951257
2951492
2951594
2952806
2953501
2953616
2954958
2955034
2955038
2955500
2956556
2956819
2956819
2956956
2957017
2957764
2958697
2959759
2959827
2960015
2960109
2960586
2960623
2962028
2962427
2962681
2962701
2962834
2963652
2963742
2963762
2963800
2963808
2964174
2964967
2965571
2965745
2966028
2966576
2966812
2966913
2968217
2968607
2968642
2968723
2968848
2968975
2969166
2969251
2969268
2970255
2970635
2970642
2971254
2971257
2972778
2972975
2973341
2973406
2973516
2973769
2973954
2973977
2973990
2974054
2974677
2974854
2975471
2975479
2975870
2976218
2976468
2976571
2976573
2976953
2977003
2977186
2977327
2978563
2978711
2979178
2979208
2979395
2979837
2980942
2981159
2981239
2981623
2981678
2981761
2982101
2982590
2982624
2982909
2983009
2983361
2983766
2983948
2984008
2984034
2984239
2984396
2984549
2985371
2985604
2985901
2985996
2986223
2986636
2986705
2987140
2987437
2987668
2988311
2988878
2988982
2989054
2989500
2989674
2990436
2991615
2991615
2991874
2992356
2992358
2992504
2992545
2992578
2993162
2993328
2993790
2993875
2994009
2994348
2994530
2994620
2994943
2995668
2995707
2995753
2996365
2996833
2996879
2997344
2997538
2997630
2998398
3000135
3000222
3000306
3000366
3001541
3002311
3003242
3003796
3004832
3004842
3004898
3005215
3005557
3005657
3005855
3006336
3007495
3008425
3008609
3008747
3008908
3009799
3009871
3010074
3011178
3011180
3011259
3011639
3011955
3012189
3012324
3012458
3012639
3012746
3012829
3013955
3014005
3014177
3014447
3015684
3015714
3015956
3016529
3016549
3016710
3016783
3017859
3018285
3018352
3018510
3018569
3018610
3020125
3020275
3020339
3021045
3021143
3021457
3021564
3022253
3023289
3023529
3023597
3023894
3023987
3024684
3025132
3025136
3025850
3026529
3026939
3027802
3028523
3030407
3030565
3033910
3034085
3037339
3037339
3039039
3040513
3041308
3042036
3043083
3043152
3045599
3045728
3046203
3046552
3048237
3048643
3048825
3049112
3052404
3052503
3052576
3053182
3053182
3053477
3054503
3054836
3055341
3055710
3055793
3056510
3056633
3056764
3058643
3058713
3058728
3059244
3060357
3060508
3060836
3060927
3060980
3063139
3064332
3065148
3066387
3066863
3068150
3071047
3071167
3071412
3072968
3073436
3074334
3075138
3076194
3077700
3080979
3083309
3085995
3087791
3088571
3089012
3089158
3089158
3090597
3090838
3092144
3092366
3092754
3093000
3094706
3094825
3094904
3095038
3096263
3098344
3099847
3100116
3101365
3102646
3103568
3104068
3104119
3104184
3104626
3105010
3105515
3106235
3106457
3106790
3108441
3108474
3110070
3110581
3111002
3111823
3111906
3113548
3114830
3115160
3117046
3117209
3117726
3117830
3118829
3120392
3121464
3123240
3123636
3125038
3125442
3126925
3128257
3128520
3130387
3131575
3131654
3131813
3131975
3134355
3134532
3134995
3136137
3136239
3136849
3137028
3137400
3138733
3139855
3140074
3141674
3143381
3143679
3143760
3144183
3144787
3145119
3146319
3146347
3146428
3148919
3148976
3149367
3150597
3152413
3154851
3156288
3157434
3157821
3157842
3158572
3160371
3161070
3162073
3162229
3162901
3164620
3165777
3165874
3166896
3167833
3168900
3172512
3173489
3174083
3175295
3175844
3175855
3177695
3177709
3178195
3178654
3179049
3179066
3180187
3180464
3180577
3180636
3180642
3180647
3181048
3181287
3181306
3181807
3182177
3182297
3182414
3182640
3182664
3183030
3183547
3183767
3183872
3183889
3183889
3184022
3184198
3184459
3184802
3185083
3185087
3185127
3185408
3185408
3185779
3186142
3186364
3186411
3186476
3187042
3187100
3187104
3187829
3187890
3188172
3188750
3190319
3191127
3191418
3191738
3192161
3193583
3194049
3194473
3195786
3196503
3197078
3197146
3197193
3197787
3198990
3199479
3200784
3200863
3201623
3201958
3202607
3204909
3205252
3206176
3206691
3206922
3207366
3207366
3207597
3208242
3208392
3208447
3210354
3210413
3210775
3211048
3211423
3211445
3211466
3211466
3211724
3212652
3212841
3213669
3213762
3215156
3215403
3215756
3217122
3217197
3217212
3217320
3217711
3218380
3218431
3218804
3218838
3218908
3218908
3220672
3221384
3221500
3222240
3222634
3222940
3224062
3224191
3224415
3224422
3224587
3224777
3224842
3225053
3225170
3225632
3225902
3227226
3227248
3227884
3228353
3228364
3228919
3229289
3229304
3229562
3229639
3229964
3230013
3230029
3230068
3230329
3230418
3230429
3230823
3231153
3231610
3231631
3231778
3232314
3232411
3232566
3232589
3232722
3234304
3234319
3234479
3235053
3235881
3236015
3236185
3236278
3236294
3236294
3238590
3239952
3240718
3241273
3241567
3241567
3242472
3242680
3243445
3243608
3243837
3244369
3244922
3244948
3245853
3246617
3247029
3247278
3248017
3248061
3248630
3249129
3249174
3249640
3249696
3249792
3250133
3250356
3250583
3250779
3250908
3252569
3253322
3253600
3254094
3254414
3254599
3255859
3256023
3256085
3256256
3256310
3256828
3257050
3257095
3257123
3257224
3258235
3258284
3258846
3259501
3259983
3260210
3260261
3260648
3260938
3261090
3261268
3261645
3261837
3261908
3262364
3262549
3262621
3262779
3262806
3263016
3263594
3263745
3263983
3264298
3264726
3265044
3265052
3265217
3265689
3265740
3266523
3266559
3266619
3268460
3268701
3268740
3269118
3269167
3269325
3269946
3269956
3269967
3270011
3270049
3270618
3271189
3271341
3271720
3272017
3272110
3272566
3272667
3272674
3273124
3273980
3274562
3274610
3274697
3275297
3275807
3276286
3276540
3276791
3277015
3278470
3278707
3279075
3279467
3279595
3279821
3279934
3279934
3280249
3280389
3280517
3280544
3280766
3281663
3283727
3283991
3284246
3284628
3285978
3286614
3286614
3287705
3289246
3289504
3289859
3290643
3290816
3291664
3292564
3292688
3292777
3293245
3293775
3293842
3294036
3294179
3294340
3294356
3294509
3294651
3294788
3295437
3296351
3296463
3296676
3296745
3296842
3297180
3297641
3297798
3298051
3298051
3298469
3298645
3299111
3299396
3299450
3299583
3299850
3301022
3301156
3301156
3301256
3301386
3301618
3301618
3301784
3303905
3304582
3305150
3305187
3305390
3305515
3305652
3306087
3306161
3306645
3306944
3307186
3307361
3307742
3307771
3308022
3308341
3308341
3308446
3308702
3308898
3309875
3310387
3310387
3310809
3310881
3311219
3312256
3312344
3312975
3314331
3314698
3316155
3316403
3316731
3317265
3318190
3318704
3318842
3319413
3319429
3319592
3319789
3320299
3320456
3320569
3321345
3321750
3322180
3322565
3322604
3323078
3323293
3323304
3323643
3323858
3324123
3324255
3324411
3324464
3324780
3324995
3326167
3326191
3326191
3327559
3328491
3328598
3329125
3329157
3329161
3329504
3330739
3332167
3332256
3332729
3333260
3333260
3333575
3333579
3335846
3335852
3336044
3337940
3338222
3338326
3338555
3338568
3339092
3340330
3340581
3340634
3340662
3340863
3342668
3342817
3343214
3343871
3343890
3344423
3345097
3345097
3345151
3345377
3345682
3345707
3345760
3346463
3346877
3347274
3347368
3347368
3347551
3347866
3347956
3348084
3348861
3350586
3350697
3350830
3350891
3350983
3351780
3352050
3352307
3352887
3353156
3353156
3353537
3353576
3353715
3353808
3354669
3354851
3355085
3355301
3355600
3356146
3356299
3356405
3356405
3357095
3357210
3357449
3357906
3358152
3358545
3358581
3358647
3359430
3359722
3359776
3360149
3360538
3361298
3361316
3362773
3362932
3363768
3363768
3364440
3365394
3366126
3366554
3366708
3366993
3367072
3367234
3367555
3367783
3367883
3367942
3368188
3368609
3370020
3370443
3370535
3371167
3371478
3371579
3372087
3372837
3373172
3373400
3373766
3374187
3374510
3374842
3374874
3374924
3375722
3376508
3376608
3376886
3377836
3377922
3378937
3379091
3380218
3380588
3381000
3381063
3381274
3381501
3381572
3382269
3382352
3382404
3382404
3382930
3383819
3384044
3384085
3384137
3384155
3384369
3384431
3384479
3384918
3385185
3385876
3385959
3385959
3386154
3386588
3386590
3386613
3386837
3386852
3387701
3387934
3388064
3388340
3388791
3388841
3389711
3389837
3390656
3391358
3391919
3392019
3392247
3392353
3393403
3394055
3394422
3394937
3395181
3395205
3395535
3395636
3395648
3396137
3396629
3396692
3397124
3397260
3397723
3397732
3397765
3399154
3399569
3399569
3399927
3400418
3401130
3401660
3401682
3401686
3402300
3402746
3403511
3403906
3404215
3405044
3405876
3406205
3406510
3406675
3406931
3407046
3408264
3408392
3409050
3409079
3409243
3409305
3410324
3410486
3410926
3411231
3411600
3411852
3411898
3412688
3412972
3413038
3413178
3413186
3413635
3413772
3414851
3414941
3415708
3415927
3416342
3416374
3416632
3416695
3417171
3417624
3417642
3417900
3417950
3418182
3418364
3418668
3418820
3419352
3419627
3419630
3420133
3420252
3420310
3420455
3421658
3421679
3421680
3421904
3421966
3422879
3423464
3423673
3424333
3424349
3424697
3425792
3426476
3426476
3426757
3427604
3428152
3430531
3430557
3431447
3431610
3432250
3432250
3432290
3432504
3432702
3432771
3435320
3435320
3435589
3436134
3436151
3436373
3436884
3437208
3437345
3437395
3437835
3437886
3437909
3438011
3438221
3438516
3438732
3438861
3439363
3439598
3440631
3440655
3441003
3441043
3441658
3443092
3443103
3443177
3443190
3443458
3443590
3443933
3444034
3444234
3444394
3445755
3445819
3446610
3446772
3447528
3447532
3447796
3447852
3448598
3449162
3449966
3450345
3450800
3450828
3451242
3451327
3452314
3452407
3453390
3453474
3453490
3454122
3455395
3456615
3456691
3456774
3457499
3457499
3457524
3457717
3457723
3458063
3458849
3459184
3461034
3461684
3461717
3462152
3462343
3462621
3463094
3463097
3463330
3463437
3464115
3464115
3464199
3464244
3464475
3464733
3465128
3465520
3465683
3466063
3466154
3466428
3466821
3466861
3467138
3467263
3467330
3467829
3467944
3468440
3468962
3468962
3468986
3469599
3469812
3470019
3470055
3471110
3471110
3471268
3471555
3471604
3471889
3471926
3472050
3472357
3472717
3472893
3472970
3473402
3473509
3473969
3475078
3475126
3476384
3477206
3478612
3479435
3479696
3479808
3480459
3480748
3481200
3481659
3481761
3482054
3483542
3483605
3483779
3484147
3484599
3484623
3484714
3484978
3485409
3485743
3485901
3486146
3486656
3486929
3486954
3487448
3487471
3487638
3487713
3488137
3488609
3488850
3488910
3489060
3489294
3489422
3490303
3490721
3491038
3491297
3491309
3491440
3492030
3492620
3493627
3493690
3493871
3493958
3494019
3494019
3494317
3494699
3494728
3495146
3495321
3495795
3496253
3496395
3496679
3497079
3497104
3497591
3497690
3497879
3498371
3498866
3498911
3499172
3499274
3499608
3499608
3499631
3500285
3500327
3500336
3500336
3501129
3501129
3501156
3501950
3502557
3502733
3502772
3502929
3503573
3504012
3504470
3504572
3504769
3504867
3505307
3505390
3505495
3507067
3507905
3508050
3508234
3508447
3509665
3510085
3510704
3510728
3510829
3511708
3512268
3512724
3512915
3513024
3514653
3514697
3514777
3515076
3515080
3515189
3515961
3516112
3516151
3516878
3517138
3517155
3517655
3517918
3518225
3518444
3519104
3519165
3519172
3519172
3519710
3520004
3520048
3520526
3521334
3521593
3521772
3522013
3522081
3522163
3522432
3522479
3523002
3523171
3523245
3523260
3523311
3523510
3524126
3524663
3526075
3526118
3526230
3526856
3527042
3527180
3527527
3527791
3527816
3528156
3528402
3528952
3528997
3529056
3529721
3529792
3530043
3530114
3530476
3531183
3531204
3531285
3532076
3532198
3533763
3534456
3534650
3535175
3535542
3536112
3536321
3536438
3536475
3537434
3537939
3538639
3539359
3540343
3540365
3540683
3540683
3541230
3541571
3541861
3542247
3542801
3544294
3544772
3544901
3544917
3545580
3546131
3546575
3547064
3547555
3547588
3548010
3548196
3548233
3548347
3548666
3549830
3549946
3550053
3550612
3550618
3550939
3551153
3551385
3551570
3551627
3551809
3551809
3551855
3553064
3553167
3553874
3554143
3554715
3555432
3555441
3555536
3555899
3555975
3556304
3557340
3558017
3558956
3559081
3559355
3560198
3560288
3560568
3561118
3561137
3561304
3561488
3561985
3562424
3562650
3563133
3563140
3563751
3564512
3565262
3565407
3566739
3567076
3567687
3567734
3567762
3567811
3568045
3568172
3568602
3568663
3569218
3569466
3569611
3569615
3569769
3569862
3570332
3570380
3571153
3571198
3571293
3571405
3572088
3572140
3572898
3573447
3575205
3575303
3575636
3575905
3575925
3575975
3576015
3576096
3576458
3576583
3577259
3577280
3577525
3578117
3578209
3578557
3579233
3579303
3580700
3581269
3581755
3581860
3582062
3582269
3582337
3582338
3582413
3582432
3582739
3582768
3583683
3584212
3584380
3584587
3584857
3584862
3586363
3586580
3586593
3586688
3586740
3587556
3587587
3587671
3588311
3589489
3590145
3591713
3591923
3592152
3592218
3592665
3592948
3593736
3595361
3595602
3595885
3596158
3596248
3596256
3596595
3596702
3597289
3598099
3598160
3598692
3598774
3598824
3598832
3599019
3599029
3599183
3599443
3599622
3600789
3600804
3600962
3601386
3601399
3601400
3601584
3601774
3602441
3603257
3603548
3603663
3604634
3604634
3604896
3605203
3605486
3605666
3605908
3607654
3608088
3608129
3608199
3608537
3608615
3609120
3609120
3610693
3610808
3610929
3611767
3611920
3612074
3612118
3612266
3612454
3612906
3613366
3614380
3614954
3616373
3616635
3616686
3617409
3617608
3617675
3617866
3618080
3618718
3618939
3619212
3619280
3619798
3619963
3620675
3621443
3621832
3622055
3623183
3623782
3624053
3624483
3624754
3625145
3625291
3625373
3625963
3626083
3626677
3626847
3627080
3627080
3627183
3627375
3627520
3627693
3627753
3627938
3628046
3628142
3628222
3628223
3628450
3630395
3631433
3632145
3632794
3632921
3633044
3633699
3634517
3634647
3634786
3635905
3635939
3636184
36366397906731
7907288
7907463
7907463
7907463
7907463
7907645
7907645
7907985
7910024
7910024
7910150
7910318
7911144
7911144
3636800
3636860
3637254
3637453
3638408
3638667
3638787
3638854
3639282
3639539
3640003
3640785
3642052
3642355
3643436
3643467
3644493
3645312
3645432
3645575
3645614
3646515
3646727
3646909
3647379
3647584
3648212
3648229
3648476
3648690
3649208
3649255
3649482
3650149
3650426
3650491
3650549
3650645
3650800
3651012
3651384
3651822
3652251
3652282
3652937
3652944
3653085
3653190
3653206
3653493
3653632
3653632
3653765
3653974
3654361
3654366
3655329
3656489
3656636
3657371
3657690
3657932
3658961
3659302
3660487
3660578
3661434
3661856
3661872
3662306
3663122
3663322
3663823
3665536
3666364
3667024
3667174
3668145
3669310
3669778
3671042
3672195
3672382
3673732
3673769
3673885
3673901
3673906
3674748
3674878
3676441
3677472
3677755
3678178
3678888
3679022
3679326
3680110
3682045
3682212
3683138
3683217
3683543
3684095
3684154
3684192
3684346
3684358
3684554
3684646
3684717
3686486
3686657
3687892
3688102
3688626
3688696
3688708
3689151
3689436
3689641
3689914
3690074
3691566
3691995
3692961
3693438
3693745
3693745
3694310
3694379
3695302
3695767
3696084
3696130
3696261
3696585
3696692
3697096
3697096
3697103
3697249
3697683
3697702
3697884
3699193
3699297
3699733
3699857
3699969
3700712
3701873
3701971
3702109
3703072
3703138
3703274
3703546
3704530
3704642
3705204
3705243
3705295
3705395
3705447
3705598
3705736
3705923
3706241
3706657
3707008
3707684
3708194
3708323
3708366
3708526
3708626
3709062
3709986
3710088
3711435
3711462
3712284
3713054
3713383
3713525
3715305
3716263
3717082
3717612
3717704
3718129
3718783
3719074
3719074
3719382
3720035
3720315
3720805
3720879
3721053
3722541
3724029
3725179
3726845
3727158
3727657
3728574
3729880
3730794
3734272
3736447
3736600
3738502
3739435
3741718
3742092
3743188
3743275
3744035
3744609
3744639
3744917
3745522
3747158
3748714
3748755
3748978
3749341
3751065
3751360
3753877
3758036
3758617
3763673
3765279
3766006
3766204
3767274
3770087
3781648
3782690
3783632
3783743
3784011
3784043
3784053
3785508
3785744
3786234
3787156
3788868
3789328
3789502
3789752
3789763
3790569
3791564
3791988
3792550
3793427
3793975
3795378
3796100
3796866
3796955
3797409
3797721
3798396
3799414
3800303
3801162
3803659
3804663
3806549
3806655
3807852
3809119
3809342
3809512
3809564
3811239
3812533
3812942
3813054
3814047
3814586
3817266
3820762
3821668
3821800
3822975
3823736
3824072
3826053
3827267
3829080
3829080
3829273
3829954
3830018
3830049
3830706
3830893
3832117
3832919
3833032
3835327
3835741
3835997
3837136
3837774
3838047
3838685
3838977
3839246
3840568
3842947
3843536
3845787
3846997
3847312
3847752
3847933
3848051
3849064
3849095
3849372
3852478
3853012
3854022
3854538
3856439
3856439
3857331
3858745
3859819
3861141
3862589
3862913
3863193
3863290
3864262
3864536
3865262
3866004
3866004
3866787
3867875
3869019
3870125
3870595
3870879
3872965
3873430
3877214
3877619
3878697
3879902
3880820
3882458
3888440
3888440
3889393
3889585
3890575
3891431
3894007
3894435
3895992
3897976
3899285
3899905
3900026
3900612
3903018
3903330
3905553
3905600
3906416
3906849
3909792
3910704
3910958
3911304
3915434
3916128
3916268
3917693
3920022
3920182
3921726
3922996
3923436
3926266
3926383
3926424
3927590
3927763
3929318
3929834
3930479
3930992
3932492
3934242
3934468
3935334
3937137
3938594
3939148
3941217
3941423
3941602
3943732
3944040
3944382
3945752
3946550
3949094
3949976
3951925
3952872
3954686
3955602
3959247
3961061
3961417
3962068
3962421
3962844
3963462
3964119
3964624
3964856
3964956
3966890
3967474
3968938
3972334
3974155
3974281
3974774
3977482
3979183
3981215
3982247
3986224
3992075
3994252
3994763
3994770
3994921
3995192
3995393
3997379
3998279
3998380
3998478
4001167
4001168
4001201
4001269
4001269
4002093
4002946
4003682
4005370
4005918
4007723
4007928
4009239
4009738
4009959
4010072
4012684
4012938
4013590
4014683
4016737
4017504
4017513
4017518
4017886
4021578
4021655
4023207
4027268
4027608
4028883
4030498
4031714
4032096
4032127
4032708
4032975
4033871
4035037
4040463
4040815
4046090
4048105
4049524
4050132
4051465
4052785
4055542
4057582
4057637
4058693
4061126
4061236
4063763
4065470
4066043
4066136
4067162
4067794
4069606
4070145
4070377
4070816
4071775
4072445
4072755
4073538
4073652
4074988
4076145
4076706
4076848
4077160
4077767
4077818
4078717
4081041
4081067
4082432
4082442
4083464
4083585
4083694
4084847
4085274
4085569
4087019
4089831
4090904
4093266
4094085
4094765
4096095
4097412
4100904
4101481
4103063
4103346
4104106
4105716
4109877
4110499
4111033
4113078
4113309
4114595
4114973
4115773
4116376
4117093
4118160
4118920
4119619
4119884
4121307
4121454
4122259
4122947
4123893
4124864
4125660
4126912
4127304
4127679
4128748
4129934
4130050
4132416
4134133
4135969
4139397
4139723
4140043
4140270
4141793
4142125
4142343
4142685
4143077
4143811
4143877
4144271
4144813
4145473
4146053
4146235
4146784
4147573
4147768
4148302
4148433
4149081
4150038
4151116
4154690
4162168
4162198
4166090
4166559
4169083
4172032
4174251
4175879
4176580
4176680
4179793
4179793
4183232
4183538
4184506
4188848
4189212
4189346
4192293
4192719
4192916
4193768
4193865
4193912
4195958
4198064
4198219
4201427
4202329
4203044
4203772
4205012
4205998
4207922
4212364
4213574
4217891
4221503
4222504
4222504
4225655
4226544
4227301
4227658
4228474
4230188
4234130
4239088
4239577
4240796
4247144
4248436
4248830
4251317
4251822
4254785
4255395
4256381
4260387
4260705
4262091
4264398
4269456
4271205
4272843
4277156
4279022
4282020
4283589
4286313
4289006
4290859
4294080
4296284
4296886
4297759
4299882
4301266
4302643
4303972
4304100
4304516
4307518
4307632
4310849
4311919
4315589
4320358
4329065
4330361
4330942
4333665
4338893
4338968
4339439
4343417
4344330
4344330
4346736
4349534
4352634
4353356
4354244
4356718
4358481
4359378
4359526
4360983
4361585
4362829
4363809
4366091
4366229
4367822
4375764
4377710
4378179
4378703
4378708
4379031
4380977
4383593
4383944
4384330
4386784
4389887
4391053
4393243
4394583
4394797
4395560
4399042
4400552
4403343
4403618
4405084
4406399
4408370
4408697
4411119
4412159
4412307
4413419
4416623
4417687
4420005
4423047
4423880
4424678
4424756
4424939
4425018
4426899
4427970
4428496
4431027
4433170
4434275
4435576
4435893
4436982
4442295
4442373
4443820
4444215
4448729
4449169
4454531
4457495
4459072
4461333
4463525
4467362
4471292
4472214
4472471
4472820
4477615
4479020
4479110
4479292
4481315
4481781
4481781
4485152
4485167
4486244
4487742
4487742
4493563
4493639
4495300
4497060
4498630
4499366
4501104
4502493
4502510
4502510
4506168
4508587
4510228
4511734
4513502
4513555
4516242
4522436
4527352
4528477
4528820
4534091
4539600
4542383
4544254
4544925
4549082
4553077
4554357
4556479
4559000
4560162
4560277
4561280
4562231
4565751
4567823
4569389
4571309
4571607
4576572
4577723
4578295
4581021
4581286
4582383
4582630
4583103
4585657
4596346
4601876
4603591
4606244
4606724
4607919
4614691
4616281
4617986
4619940
4620145
4621055
4623241
4623799
4624017
4628847
4629371
4629944
4634314
4634990
4635162
4636545
4636545
4639011
4639302
4641605
4642723
4644535
4650872
4652557
4652958
4655475
4657328
4657888
4659658
4660006
4661673
4662768
4663962
4668869
4669314
4671137
4671566
4672271
4672473
4674201
4675139
4678797
4683511
4685932
4687218
4687694
4688801
4689553
4693500
4698034
4698245
4698431
4698585
4703743
4704386
4704417
4708746
4708894
4710188
4713759
4715614
4716137
4721557
4722678
4723240
4723401
4723418
4725500
4725877
4726146
4731280
4736512
4738570
4739501
4740372
4740920
4740929
4742423
4743252
4751058
4753835
4754153
4755817
4758488
4760356
4763794
4765717
4767558
4767558
4768314
4769311
4770933
4775326
4777948
4778940
4779078
4779908
4780897
4784492
4784922
4787615
4787615
4790001
4791947
4795675
4796262
4796991
4797315
4799927
4801016
4805006
4807648
4812003
4812560
4812560
4815947
4819299
4821955
4826416
4829781
4833269
4833626
4837410
4839904
4840385
4840478
4841325
4843284
4845361
4846400
4850573
4852830
4856585
4857773
4864852
4865051
4865091
4867870
4868133
4868575
4874789
4875177
4878736
4880286
4882264
4883001
4884884
4885251
4885591
4886150
4886311
4886780
4887050
4888364
4888403
4888406
4888639
4888874
4889355
4889522
4889580
4890144
4890295
4891443
4891479
4892168
4892685
4892877
4893007
4893181
4893564
4894274
4894407
4894954
4895355
4897018
4897105
4897252
4897315
4897947
4898439
4899194
4899496
4900022
4900113
4900312
4900581
4901291
4901945
4902361
4903777
4904904
4905013
4905225
4906019
4906421
4906891
4907060
4907065
4907729
4908383
4908981
4909259
4909274
4909538
4909719
4909948
4910817
4911914
4912362
4912559
4913012
4913270
4914211
4914600
4914923
4915026
4915506
4916249
4917538
4917546
4918820
4918820
4919391
4919735
4920436
4920900
4920923
4921509
4922297
4922533
4923912
4924462
4924549
4924768
4926706
4926969
4927570
4928313
4928894
4929895
4930002
4930269
4930324
4930504
4931170
4931244
4931362
4932549
4932711
4932731
4932825
4932990
4933320
4934329
4935134
4935839
4935941
4936760
4937408
4937961
4939474
4939636
4939738
4940725
4941263
4941556
4943717
4943772
4943929
4945312
4945459
4946298
4946770
4947645
4947970
4948275
4950065
4950165
4950627
4950707
4950918
4951072
4951852
4953863
4954602
4954989
4955154
4955496
4956693
4956731
4956793
4956894
4956950
4957136
4957965
4958088
4958440
4958592
4959168
4960610
4960791
4962105
4962183
4962528
4963025
4964048
4964808
4965478
4967400
4967675
4968166
4968868
4968934
4970816
4971175
4972006
4972143
4972143
4972550
4972561
4973275
4973375
4973456
4973486
4973977
4973980
4974026
4974739
4976638
4978192
4978436
4978831
4978890
4979304
4979761
4979817
4979817
4981748
4982023
4982558
4983327
4984349
4985082
4985510
4985525
4986345
4986526
4986946
4987071
4987071
4987244
4987304
4988348
4988610
4989223
4989252
4989560
4990757
4990946
4992321
4993765
4994249
4995144
4995192
4995504
4995699
4995802
4995802
4996249
4996845
4998512
4998697
4998832
4999068
5000224
5000494
5000917
5001118
5001554
5001886
5002069
5002136
5004810
5005168
5005190
5005866
5005893
5006071
5006206
5006890
5007076
5007363
5007652
5008088
5008240
5008545
5008963
5010514
5010941
5011211
5011584
5012100
5012562
5012774
5012807
5012912
5012980
5013024
5013258
