23730
52721
58697
72837
79585
85410
100512
102187
103979
138158
173179
174513
178006
179460
187592
187596
187789
200193
219418
223278
228272
241121
253378
266405
272348
297790
311327
314676
326969
350195
361120
370970
375067
380897
407510
419768
419871
438182
451762
497828
507766
510240
510573
526053
534468
555250
557794
560209
561397
582396
589561
645377
650877
653014
656015
672640
673279
696089
702756
705845
711662
744173
762267
842468
856974
882667
894192
901292
902994
904932
905192
909978
910070
913816
916523
918076
918809
924524
925059
927003
939757
949419
967628
977623
979378
980072
986181
987959
991367
1000743
1008471
1009473
1015182
1018542
1028255
1045155
1112738
1116816
1139923
1155541
1164229
1185057
1188453
1213185
1213511
1216320
1218434
1220413
1252474
1260339
1266226
1266724
1279404
1305559
1311699
1314762
1336656
1358530
1393824
1401716
1436328
1454863
1504775
1534500
1548315
1549143
1562219
1574185
1604299
1611614
1626064
1627525
1638568
1658753
1679638
1682037
1684699
1702825
1704210
1713938
1718360
1718855
1719790
1721571
1722021
1724515
1819179
1916908
1995944
2003594
2004568
2011370
2018778
2027080
2032101
2037755
2038755
2040417
2058799
2061631
2073051
2097462
2116933
2119593
2120956
2127085
2135503
2137574
2184365
2213759
2215141
2223717
2227719
2281133
2307914
2348443
2358741
2415629
2475517
2559316
2560878
2577933
2597102
2610159
2620578
2911655
3038633
3039394
3054070
3062501
3063641
3065778
3074591
3095658
3097874
3105307
3120041
3139113
3146258
3153849
3165632
3229682
3241530
3277287
3424874
3425410
3453144
3510217
3564805
3565132
3576705
3594307
3614443
3615474
3625595
3721053
3724335
3730523
3742361
3750702
3757122
3761194
3776342
3777871
3786811
3793880
3800671
3820473
3822257
3852786
3858074
3867529
3882125
3882218
3892278
3902909
3909384
3938571
3961907
3964119
3978329
4022235
4026328
4037861
4072331
4089052
4090353
4100952
4106834
4115989
4118411
4127809
4136916
4141186
4669690
4903270
4910011
4918504
4919411
4925629
4949901
4961739
4969590
4970580
4971175
4987918
4989108
