7904764
7907386
7907535
7907694
7907966
7909791
7910584
429
1970
3251
3352
4953
5755
12738
12798
15298
15818
20027
22773
23490
23833
25184
34408
34821
35351
36137
36251
36352
36671
37172
37689
39909
40824
41439
43476
46406
48076
48115
49189
50748
50947
51153
52721
52781
53068
53231
54423
55698
56231
61133
61646
63520
63975
65961
69577
72837
74318
79554
80214
83277
88526
89951
93425
95301
95371
95372
95607
96721
97736
98212
100089
102187
103979
105725
106264
106332
112329
113006
113834
118379
119443
121908
122617
122683
122933
123583
125458
125962
126171
127321
133125
139286
141534
141919
143941
144767
146771
151001
152964
155496
156421
157063
159250
161477
162998
165723
166333
166906
169077
169469
172795
173637
173925
175411
180315
184597
185429
186749
187596
187789
188195
194778
199298
200193
201621
205666
207001
210939
213428
215926
217196
220465
220497
221781
222301
223444
223583
224873
226145
228890
229222
235329
235531
236452
237000
237865
238874
240749
241503
243126
245202
245302
249227
249450
249764
249808
250421
250576
250967
254378
255451
260402
261634
262783
270433
273181
276853
279330
283310
283959
284577
285072
286266
287980
293517
295378
297859
298325
307770
311327
312787
317302
318225
321042
322576
324275
327415
329953
331812
333773
335877
335939
336297
339125
339711
344892
344962
345418
345550
351439
351781
355056
358081
358335
358611
361500
363833
363917
365000
365149
368549
370361
372537
372915
377284
379387
381438
381883
382411
383129
384237
384618
384886
387642
392150
393227
398010
398325
403158
403256
405563
407090
409588
409771
410995
410997
413300
413793
413918
415004
419768
421881
423931
424320
424756
425818
426614
426986
427962
433320
433885
434231
436839
440506
441478
442523
443441
444245
451331
451351
451883
452791
455788
457050
458425
459679
460808
462111
464769
464772
467045
467278
467345
467386
467609
468241
480315
488185
489049
490403
490831
496324
496414
497828
498078
499533
500560
506915
509869
510240
510380
512403
514730
516046
517831
520998
521308
521829
522501
525247
526380
531087
532093
534056
537596
538629
539307
549314
550059
550913
552573
552723
554140
556338
557306
557758
559863
561397
564476
566872
569992
572626
575390
575929
582719
582997
583658
585298
587711
591754
593064
596966
599023
599651
600535
601346
606596
608038
608470
609078
609988
611926
612009
613012
613163
613683
613767
614554
615351
616624
619134
622880
631033
632896
633893
635229
636788
636805
640781
641632
647224
652159
654031
654448
655999
656085
658978
659775
663084
664839
665701
666354
666558
666613
669858
672969
676194
678038
679671
679899
680243
681372
684534
686292
686334
686720
689414
689601
690421
692444
693249
694113
696089
696675
699249
699534
699799
700496
702756
711293
711662
714001
714197
714321
715167
718102
718430
718799
718856
719575
719628
719704
722493
723648
724360
726780
729478
730991
731368
731608
733253
734774
736435
737538
740782
740982
741249
741547
747220
748978
750320
752032
754354
759691
759827
762267
763821
763887
766873
766929
767443
767675
768281
773347
778644
778739
781927
790627
791021
792063
794665
795758
796574
799556
802916
803043
803816
805397
806313
809661
810458
816224
819414
819484
822741
823172
823573
824216
824537
824695
826646
828626
828863
830482
833431
838829
841761
843067
843148
849810
854788
855299
855665
856172
861201
862442
864853
865128
871137
873849
878793
879166
879244
879394
881826
882275
882846
884477
885277
886325
888035
891747
895246
899698
899866
900019
902193
902994
903737
904113
904812
905441
907569
909151
910070
910866
910916
912854
918249
921319
922171
924698
930426
932035
933775
933866
934527
935434
937382
941285
941624
942067
945957
946841
947169
947833
948177
948493
951287
952559
952806
953040
954638
954714
959175
959744
960710
962529
962762
965166
966977
967534
967908
973683
975052
976855
978596
980082
988275
989412
991430
994307
1000837
1002198
1003722
1003737
1004437
1004834
1005384
1005673
1006243
1008374
1008471
1008479
1009841
1011399
1014491
1018721
1020569
1022962
1028350
1029238
1029362
1032033
1032117
1035657
1037988
1038849
1039144
1040589
1040592
1043019
1045155
1045541
1045620
1047817
1048606
1050543
1050708
1050781
1053260
1055395
1056138
1058213
1063616
1064023
1064099
1066591
1067845
1069757
1069792
1071599
1072206
1073311
1075448
1084797
1084870
1085413
1086189
1087007
1093305
1094549
1094715
1096114
1097548
1102526
1103175
1105920
1106152
1112738
1112904
1113903
1120552
1120909
1122036
1123892
1125192
1125203
1126037
1126557
1127348
1127914
1130225
1130345
1130731
1131798
1132251
1133534
1134401
1135069
1138864
1139923
1140972
1142913
1143708
1143859
1144280
1154779
1156699
1156923
1160436
1160866
1161357
1162845
1164229
1165315
1165528
1167410
1169095
1169705
1170736
1174583
1175681
1176137
1176706
1177202
1178839
1179663
1180736
1183890
1184996
1185057
1187440
1188137
1188453
1189298
1189427
1194282
1194480
1196245
1197283
1200037
1203945
1205097
1205146
1207040
1208530
1209353
1209936
1213511
1213633
1215905
1216320
1216470
1220413
1221468
1222002
1222348
1224122
1227785
1227798
1228312
1229084
1231421
1232224
1233933
1236889
1237629
1237932
1241884
1244649
1250314
1251183
1252127
1253852
1260339
1261969
1262440
1263155
1266724
1266780
1267872
1270332
1272242
1272837
1275692
1275797
1276984
1277189
1285552
1287859
1288513
1292187
1297565
1301874
1305185
1305559
1307505
1311699
1312930
1313712
1314664
1314741
1314762
1316451
1321541
1323886
1330119
1331038
1332394
1336310
1336656
1343293
1343926
1344908
1348269
1353972
1362245
1362470
1367267
1367785
1372295
1376546
1376786
1377507
1381876
1382143
1382649
1385830
1387092
1391644
1395356
1397265
1397351
1397559
1398579
1399916
1400187
1402063
1402318
1406431
1406490
1407254
1409961
1416911
1417862
1419601
1422755
1423983
1424999
1426405
1427380
1429841
1433595
1434126
1434731
1434815
1436328
1438973
1441376
1443684
1450505
1451814
1452778
1453186
1454616
1454863
1458066
1469814
1471683
1472337
1473711
1475208
1478963
1480545
1482484
1482783
1485767
1486861
1487306
1488402
1488784
1490407
1493739
1495639
1495647
1498120
1498973
1501904
1506158
1507295
1508910
1509394
1511047
1512830
1513954
1518017
1522859
1525939
1529549
1529825
1531099
1532397
1534500
1535539
1539832
1540911
1546449
1548315
1549143
1550067
1551406
1551751
1554247
1554443
1554917
1557835
1557840
1559301
1562219
1562955
1567153
1569327
1570855
1573301
1574974
1575071
1575679
1575967
1576749
1584898
1590311
1590497
1592147
1593773
1594957
1595717
1597533
1600544
1602384
1604943
1609061
1611093
1612643
1614733
1614919
1615325
1621333
1622024
1622409
1623454
1630647
1630972
1631596
1633544
1635613
1635705
1644317
1646183
1648057
1648416
1651319
1652518
1652982
1653997
1658753
1663921
1663978
1665072
1666910
1668108
1668202
1668713
1671792
1674621
1675482
1677113
1680805
1683595
1685300
1685985
1686329
1687497
1691141
1692078
1692112
1694245
1696102
1698745
1699405
1699540
1700764
1702735
1706689
1706990
1709229
1713285
1713938
1718360
1724336
1725162
1727993
1732021
1733084
1734966
1735577
1736172
1736806
1738351
1742498
1743082
1743200
1743448
1744525
1744893
1746533
1748022
1748225
1749071
1750494
1751864
1751924
1753755
1755735
1758488
1760957
1761087
1761442
1763108
1763820
1765885
1767634
1769987
1770001
1770700
1771179
1771634
1773327
1775299
1777363
1778038
1778890
1779458
1779767
1780163
1782558
1782903
1791427
1791858
1792141
1794807
1800132
1800358
1800766
1802167
1810345
1810441
1811252
1813258
1813537
1813782
1813928
1813987
1814532
1815600
1816712
1819179
1820333
1820813
1826979
1828655
1831187
1832015
1832364
1833438
1835386
1836589
1837681
1837819
1845123
1845142
1845277
1848349
1849171
1854466
1855215
1857529
1866385
1866678
1867064
1873279
1874598
1875401
1875442
1876751
1878683
1879323
1879398
1879509
1880522
1882402
1882404
1882961
1883598
1883719
1886926
1887662
1889163
1889220
1889266
1891271
1894223
1897948
1899507
1899595
1902697
1903430
1904641
1909830
1910583
1910626
1913896
1914024
1915842
1918261
1920223
1921102
1921520
1922742
1923374
1923691
1924186
1927242
1928523
1929191
1929380
1931660
1934783
1935139
1935556
1940071
1940624
1942855
1943290
1943592
1944872
1945740
1947043
1948044
1948361
1950656
1951298
1952901
1955581
1956229
1959144
1959603
1963932
1965397
1966414
1966861
1969886
1970377
1974407
1974435
1975428
1977367
1978862
1979925
1981483
1982933
1984550
1986037
1988699
1990785
1991433
1991852
1997411
1997753
1997996
1998134
2003472
2003594
2003824
2004189
2004568
2005017
2006243
2008641
2008933
2012415
2012912
2017426
2019545
2023196
2024646
2026043
2029966
2031070
2038712
2039208
2039311
2040206
2040355
2040417
2040633
2042535
2042671
2043657
2047806
2048882
2051509
2051835
2052358
2055548
2055565
2060735
2060780
2064203
2066568
2067975
2071833
2072659
2073051
2073546
2074961
2075281
2076974
2079762
2084954
2086907
2089959
2090455
2091070
2093265
2094051
2097537
2099925
2100654
2101162
2102238
2102815
2105854
2110451
2111011
2112797
2116566
2116933
2119126
2120238
2120956
2124661
2124762
2125754
2128306
2129049
2131951
2133610
2133793
2133845
2139167
2149450
2150759
2153150
2156716
2158081
2158725
2159328
2161096
2161860
2163056
2163281
2164761
2164792
2165302
2165731
2167799
2173312
2173839
2175350
2175882
2177549
2179567
2179701
2183288
2184059
2184235
2185069
2185150
2189432
2191350
2193896
2194920
2195288
2195982
2196514
2196743
2198194
2198204
2201461
2201930
2201989
2203189
2203696
2203930
2203969
2205518
2205914
2206392
2209209
2209672
2209932
2211844
2215141
2216589
2217182
2218149
2219118
2224056
2224818
2228269
2229082
2231934
2232147
2233214
2234823
2239372
2240011
2240097
2240137
2241617
2241698
2244828
2245104
2247638
2248712
2249486
2250768
2254476
2255767
2256712
2260131
2260376
2260614
2260833
2262483
2265921
2267836
2268765
2273334
2273810
2274342
2275827
2277259
2277522
2278025
2279366
2279569
2279866
2279947
2281133
2283525
2285627
2286116
2286309
2287237
2289074
2290935
2294281
2294492
2294875
2295841
2296068
2299189
2299517
2300032
2300547
2302139
2302554
2303643
2305072
2305358
2305602
2306633
2309208
2310104
2312852
2314163
2314471
2317974
2318273
2318551
2319566
2319878
2320280
2321083
2323743
2324442
2325911
2328935
2334315
2335646
2337589
2338719
2341937
2343024
2345211
2346340
2348093
2350358
2351480
2355584
2355597
2357025
2357138
2357227
2357862
2358741
2362084
2362162
2363194
2364302
2364615
2365359
2365668
2366479
2367627
2373138
2373532
2374942
2375284
2376538
2377102
2377701
2377834
2381887
2381933
2382056
2382644
2384681
2387838
2391277
2392489
2393545
2396459
2397585
2397863
2398110
2399125
2400644
2401622
2402179
2404771
2404966
2405231
2406224
2406329
2406959
2408311
2408940
2411489
2412848
2413501
2413551
2414805
2417180
2421215
2423479
2424741
2425286
2425405
2425610
2427197
2429100
2429107
2429787
2431496
2433938
2434827
2435252
2436172
2438120
2439341
2442313
2444699
2446629
2447699
2449237
2450355
2450414
2450621
2450969
2452203
2454819
2456783
2456878
2456889
2459259
2461720
2462519
2463402
2464910
2466257
2467470
2468266
2475517
2475981
2478725
2479394
2481448
2481720
2481982
2483342
2484122
2484739
2485314
2487868
2494127
2498197
2498458
2501368
2503237
2508806
2510423
2513314
2514456
2518071
2522550
2528078
2528234
2528256
2528900
2530694
2531845
2534750
2536605
2537333
2542695
2543011
2547094
2548256
2548340
2549642
2549823
2549864
2550324
2551482
2552388
2555129
2557559
2558682
2560878
2563514
2564730
2566188
2566768
2569352
2574129
2574460
2579795
2585217
2591558
2591689
2591761
2592292
2592348
2592384
2593586
2594374
2597198
2599130
2601423
2607788
2608155
2610159
2614010
2616537
2620578
2622596
2625719
2627692
2627798
2627876
2627943
2628692
2629193
2638641
2641680
2642441
2643205
2643702
2645440
2646420
2649416
2649727
2650101
2650944
2651600
2652389
2653002
2653737
2656384
2656503
2656932
2657595
2657753
2658021
2660898
2666365
2666503
2667907
2669252
2673050
2674039
2674352
2674551
2674901
2674926
2676446
2679193
2679208
2680416
2681336
2682169
2684425
2685335
2687988
2691650
2693400
2694186
2695001
2695068
2695259
2696627
2697563
2697894
2699480
2699753
2702268
2704426
2706249
2707537
2707688
2708004
2708820
2709136
2709604
2710541
2710701
2713060
2713664
2717874
2718200
2724403
2724464
2729527
2730207
2730357
2730942
2732048
2732649
2734252
2738333
2740258
2743475
2745159
2746904
2748255
2748281
2756069
2756848
2757314
2759427
2761056
2761408
2761461
2761898
2762772
2766441
2766593
2766787
2771297
2772127
2772655
2774067
2774377
2775009
2776098
2779848
2780964
2781020
2781184
2782250
2783974
2785057
2785637
2786225
2786888
2789573
2789778
2790292
2791535
2791737
2795269
2797265
2797820
2798295
2798431
2798644
2799838
2800293
2801923
2804707
2806299
2807235
2809506
2810977
2811290
2811931
2812674
2812894
2813052
2813218
2813669
2816348
2817937
2819407
2819585
2819701
2820179
2821489
2823402
2825078
2825451
2827538
2828262
2829117
2832827
2834461
2836184
2838586
2840141
2840443
2840712
2841210
2843371
2846063
2846846
2851207
2851212
2851411
2851530
2851884
2851915
2853321
2854860
2855746
2858379
2858425
2859231
2860069
2861857
2862182
2862541
2864906
2866503
2867011
2867866
2868555
2870562
2871517
2871718
2872338
2873732
2873799
2873845
2874081
2874414
2875242
2878915
2879070
2884401
2886102
2886426
2887243
2887845
2889174
2889224
2891080
2892029
2893586
2894106
2894183
2895154
2896123
2896315
2897201
2898842
2899030
2899139
2899234
2902333
2903698
2903855
2905602
2907143
2907179
2907953
2910731
2911655
2911892
2912557
2918627
2918706
2920705
2921000
2921219
2921782
2923059
2924191
2925532
2925977
2927889
2928805
2929046
2929252
2933516
2934878
2935407
2935754
2936847
2937118
2937764
2938560
2941863
2942666
2946413
2947803
2948020
2950511
2953344
2953962
2954232
2956393
2956635
2957401
2957642
2959239
2960750
2961449
2961938
2963705
2965120
2965187
2965845
2967346
2967743
2970691
2971294
2971977
2972660
2973977
2974336
2975289
2975428
2975494
2977003
2977407
2979191
2979270
2981878
2985371
2985950
2986488
2989020
2994379
2996672
2998960
2999838
3001239
3001975
3003249
3005949
3006907
3006938
3008609
3009768
3010912
3011178
3011331
3011549
3012754
3013019
3013624
3013868
3014447
3016908
3018878
3020199
3022573
3024529
3024718
3025613
3025850
3027067
3031297
3032585
3033962
3038595
3039394
3039461
3044061
3046615
3050753
3051254
3052138
3052251
3053075
3054070
3055063
3058794
3058877
3059882
3065778
3068925
3071412
3072875
3076365
3078356
3080948
3082334
3084037
3089181
3091836
3092775
3093460
3093749
3097524
3097704
3099871
3100625
3104096
3105307
3105812
3105864
3106135
3106168
3106660
3110543
3113263
3115631
3123216
3123456
3126925
3127369
3127907
3131654
3136783
3138905
3139113
3139803
3140144
3140664
3142961
3146347
3147119
3148950
3150853
3152124
3152760
3155435
3155871
3157726
3159509
3160444
3160515
3163676
3165108
3172967
3175902
3177471
3178635
3178734
3179761
3180187
3181349
3182203
3184666
3187100
3188374
3190443
3190565
3192555
3193137
3193587
3193950
3195208
3197891
3198349
3198614
3198861
3200156
3200791
3201833
3202578
3203513
3205141
3206700
3206888
3207325
3211719
3212980
3213041
3216361
3216599
3217091
3217563
3223309
3223673
3224036
3225131
3226103
3227930
3228478
3228635
3232309
3232689
3235556
3236314
3236941
3238075
3238847
3239895
3239953
3241446
3241530
3243241
3243935
3245686
3248065
3248196
3248519
3252254
3253567
3253600
3254384
3254599
3255763
3256828
3257322
3259134
3259635
3260062
3260238
3261148
3262816
3263117
3263192
3266453
3266899
3266953
3267753
3267831
3268112
3268307
3269603
3269697
3270013
3270092
3271726
3272067
3272817
3273263
3274659
3275337
3277602
3279467
3282882
3283658
3290989
3291930
3296355
3297044
3298313
3299867
3299990
3303994
3304387
3306345
3307089
3308626
3308898
3310525
3311791
3311982
3312654
3313090
3315791
3316140
3316225
3318600
3319119
3319532
3321912
3322326
3322640
3322776
3323384
3323424
3324339
3324451
3324655
3325539
3325993
3328156
3328644
3330091
3331525
3332097
3332167
3332219
3335046
3337523
3338948
3340845
3342130
3342162
3342339
3342784
3342879
3346204
3347303
3347397
3348424
3349571
3352295
3354375
3354702
3355410
3355934
3356711
3358564
3360010
3360621
3363656
3363816
3365030
3367272
3367397
3367788
3369408
3369617
3370975
3372808
3373392
3373460
3373463
3374272
3374279
3374510
3374877
3374950
3375324
3375816
3378198
3378739
3381978
3383992
3384155
3384548
3384638
3385656
3387042
3388599
3388850
3389487
3390550
3390878
3393524
3394093
3394095
3396360
3398328
3399275
3399388
3400094
3400282
3400866
3401994
3403511
3406385
3406507
3408843
3410492
3411310
3413178
3414223
3414474
3416302
3421875
3421907
3422066
3423282
3423464
3424874
3425770
3426975
3427979
3428817
3428910
3432494
3435605
3437219
3437871
3441043
3441551
3441877
3442592
3444232
3444424
3448502
3448683
3448888
3449055
3449502
3449720
3450838
3452618
3453330
3456175
3457492
3458384
3458878
3459547
3459842
3462084
3462481
3462488
3463305
3463663
3467895
3468441
3469585
3470424
3471268
3472689
3472934
3475004
3475246
3475688
3475930
3476002
3476906
3477996
3478882
3479158
3481790
3483327
3484665
3485306
3485923
3486146
3487005
3487471
3488137
3488568
3489081
3489181
3489667
3489989
3490155
3490458
3491094
3491847
3491927
3494440
3494516
3494710
3494891
3495664
3496198
3499396
3499824
3500900
3504477
3504572
3504707
3509642
3509993
3510217
3510372
3510813
3513421
3513969
3514385
3514583
3515121
3515998
3515999
3518311
3518980
3520293
3520307
3525117
3530184
3530279
3532274
3532758
3535505
3535910
3538723
3540426
3543252
3544901
3545434
3545639
3546591
3548029
3548032
3548322
3548382
3548430
3551736
3552402
3553087
3553167
3554189
3554675
3555579
3557159
3557567
3557643
3561304
3561488
3563826
3564259
3565132
3568111
3570082
3570971
3571057
3571153
3571769
3572898
3574426
3574538
3576689
3576705
3576855
3577922
3578927
3579283
3579588
3581510
3581684
3581804
3582084
3584416
3585897
3586410
3588424
3589676
3590082
3592849
3595479
3595549
3596525
3597780
3597818
3598590
3599622
3601359
3601586
3601975
3602042
3604797
3606337
3608746
3609025
3609041
3609120
3609630
3610935
3611465
3611543
3614443
3615474
3616438
3616721
3616939
3617809
3617952
3618786
3619555
3619946
3624443
3628525
3629248
3632945
3634064
3634280
3634855
3635596
3636696
3636992
3638310
3639865
3640849
3641884
3642034
3643889
3644295
3644958
3645090
3648916
3649952
3650445
3650981
3651405
3652049
3652251
3652339
3652943
3655513
3656074
3657663
3658339
3659633
3660279
3661936
3662306
3662972
3663191
3663672
3666368
3666582
3668356
3668957
3669300
3670919
3671721
3677181
3677275
3678888
3679606
3679860
3681941
3681981
3683300
3683921
3687910
3688015
3690334
3690630
3694406
3698066
3698728
3698807
3699186
3699958
3700435
3701107
3703017
3703614
3704757
3705307
3707067
3707194
3707403
3714426
3717704
3717972
3718895
3720072
3720458
3721053
3724072
3724335
3725171
3726473
3727657
3730523
3737042
3740886
3742385
3748755
3749267
3750470
3750608
3753351
3754088
3759589
3761194
3764494
3765536
3768396
3770683
3775325
3775429
3775520
3776342
3777871
3783596
3786811
3790004
3790889
3794817
3795287
3798735
3798746
3805334
3806306
3807111
3807226
3816189
3817484
3820906
3821188
3821225
3821269
3822257
3822975
3823805
3823840
3824391
3825111
3825586
3827542
3829954
3830018
3830639
3836182
3837781
3838772
3839235
3839433
3841444
3842017
3843110
3845155
3849466
3851618
3852478
3854078
3854180
3854538
3855129
3855399
3856985
3858016
3858539
3861176
3862372
3862589
3863129
3863854
3864536
3865907
3867529
3868120
3869321
3870879
3872864
3872961
3873070
3873581
3876456
3877788
3879758
3880532
3881401
3882125
3883675
3884735
3885340
3887106
3888589
3890154
3891839
3892278
3897001
3899905
3900324
3902214
3902592
3902768
3903185
3904392
3905681
3906127
3906151
3907591
3914513
3915693
3917840
3918852
3920051
3928589
3932667
3933253
3936250
3941855
3946831
3948050
3952456
3952916
3953954
3954136
3957450
3961493
3964119
3969256
3970649
3974774
3975024
3975420
3976797
3977171
3977391
3981434
3982539
3985070
3986309
3992075
3994293
3994383
3994750
3995447
3998746
3999088
4001596
4002683
4002946
4004020
4006828
4007077
4007591
4017886
4017901
4018943
4023031
4024726
4025170
4029590
4031203
4031767
4033181
4036969
4038298
4039103
4039293
4039535
4040162
4041922
4047307
4047601
4048052
4048715
4048963
4050369
4053592
4057525
4058693
4058935
4059378
4065339
4066537
4070377
4070558
4071633
4077085
4081319
4081789
4082442
4089652
4090353
4091513
4092277
4096620
4097412
4101784
4105197
4108913
4109452
4110387
4111033
4111620
4116329
4118121
4118962
4119384
4120922
4122259
4122565
4127245
4127408
4127809
4130050
4132831
4133038
4133717
4134498
4134681
4136284
4139526
4140005
4140970
4142626
4143503
4143811
4144395
4146917
4147416
4147427
4147521
4149563
4150744
4151044
4152881
4153228
4153402
4153556
4154122
4154472
4155057
4155699
4156901
4160155
4161099
4163063
4164563
4164976
4165812
4165823
4166062
4168513
4168601
4169079
4170061
4171334
4172758
4173293
4173777
4174164
4174878
4175235
4175370
4175608
4177028
4177801
4178254
4178512
4179581
4180079
4180126
4180348
4180928
4181624
4183258
4184567
4185380
4187504
4189213
4190148
4191026
4191674
4192916
4193192
4193768
4197017
4198531
4200149
4200162
4200230
4200404
4200945
4202889
4203885
4206609
4207636
4207820
4208621
4210113
4211588
4211920
4212004
4213051
4213147
4213191
4214008
4214609
4215563
4216500
4216777
4217299
4217904
4218954
4220486
4222060
4222658
4224102
4225516
4226095
4226237
4227506
4227995
4229267
4230186
4230258
4232415
4232453
4233097
4233389
4233754
4234536
4234696
4236259
4236402
4237116
4238254
4238759
4239582
4240465
4240548
4241306
4243430
4243534
4243712
4244146
4244620
4245134
4245271
4247914
4248065
4248360
4252287
4252691
4253187
4253621
4254293
4254976
4255078
4255314
4255794
4256125
4257161
4259961
4260080
4261222
4261238
4262131
4262224
4262831
4262974
4263095
4264015
4265448
4266569
4267689
4268493
4270052
4270063
4270155
4272303
4272748
4272802
4272819
4272883
4273522
4274548
4275496
4280731
4282128
4282609
4284042
4285690
4288640
4289006
4290616
4291068
4291126
4292547
4293244
4294719
4294802
4295163
4296417
4296868
4296905
4298109
4298521
4300434
4300586
4300917
4302493
4303396
4304951
4304962
4306026
4306272
4307035
4307928
4308348
4309004
4309213
4310515
4310943
4312272
4313236
4314310
4314368
4314942
4315622
4315684
4316006
4316799
4317008
4318212
4318584
4318587
4319304
4322270
4324037
4324307
4324514
4325022
4325501
4325599
4325625
4325680
4327068
4327105
4330039
4330447
4331448
4331739
4332668
4333676
4336428
4336585
4336875
4339438
4341147
4341203
4341553
4342458
4342895
4343182
4344272
4344367
4345929
4346167
4346738
4348877
4348998
4349061
4350545
4351526
4351702
4352372
4352378
4352619
4352639
4353763
4355140
4355421
4355494
4356099
4356176
4356584
4358924
4358973
4359526
4359876
4360340
4362796
4363518
4365379
4365663
4367008
4367266
4368510
4369091
4371435
4371957
4372483
4372534
4373847
4374634
4375068
4375323
4375425
4375629
4376544
4377270
4381084
4381932
4382264
4382313
4383394
4385398
4386234
4387644
4388145
4389629
4389920
4390671
4390938
4391886
4393937
4394147
4394564
4394798
4395908
4396667
4396862
4397324
4397950
4397963
4398406
4398668
4399568
4400752
4400840
4403569
4404695
4404998
4405339
4406826
4407431
4408588
4408655
4409822
4410020
4410239
4411279
4412023
4412209
4412362
4412440
4413612
4414362
4414920
4414972
4415324
4415662
4417183
4417791
4419079
4420460
4421830
4422234
4423705
4423913
4423914
4423997
4427211
4428249
4429287
4429638
4431032
4431112
4431602
4432090
4432939
4433736
4433741
4434418
4435346
4435528
4437175
4437764
4439277
4439296
4440390
4440824
4440913
4440992
4441226
4442613
4443813
4444523
4446199
4446427
4448379
4448409
4448485
4449440
4450132
4450167
4450667
4452077
4452929
4453260
4453373
4453522
4453918
4454454
4455265
4456300
4456727
4457429
4457490
4460948
4461481
4461984
4462563
4464776
4465268
4465375
4466456
4468848
4469512
4469834
4470446
4471479
4472398
4472615
4472742
4474047
4474246
4475012
4475084
4475205
4475717
4477245
4477666
4477914
4480347
4481184
4481548
4481970
4482010
4482341
4482565
4484212
4487775
4488379
4488555
4488669
4490234
4491998
4492889
4493259
4494275
4497557
4497859
4498845
4499087
4501935
4502419
4502647
4503635
4504621
4504744
4504807
4505376
4507149
4509613
4510248
4510850
4511535
4511681
4512991
4512998
4514224
4514490
4515293
4515580
4515751
4517319
4517623
4517743
4518211
4518740
4518881
4519178
4520085
4520690
4521863
4524916
4525810
4526321
4526608
4528082
4529500
4529553
4530868
4531250
4532002
4532445
4532449
4533533
4536326
4537444
4538085
4538226
4538488
4538664
4539131
4540350
4540475
4542622
4542685
4544052
4545728
4546016
4546698
4546770
4547010
4547623
4548232
4548777
4548845
4548928
4550390
4550812
4554464
4554872
4555043
4555189
4555711
4556349
4556897
4557069
4558296
4559873
4562751
4562947
4563155
4566633
4566829
4568117
4571438
4572405
4572721
4574175
4574341
4575242
4578474
4578957
4579233
4579364
4580013
4580899
4581493
4581713
4582014
4582274
4582468
4584753
4586003
4586120
4586633
4587430
4588108
4588110
4588653
4589404
4589928
4590163
4591137
4592228
4592699
4592920
4593408
4594458
4595248
4596942
4598437
4601229
4603097
4603494
4605756
4605858
4606640
4607772
4607913
4608557
4609472
4609657
4609890
4609928
4610580
4610882
4611402
4612744
4613616
4614805
4615362
4619246
4621384
4621741
4621977
4622140
4623791
4625355
4625460
4625840
4628680
4628831
4629223
4630503
4634610
4635375
4636139
4638381
4638530
4638751
4639316
4641302
4642046
4645387
4645642
4645756
4645842
4645993
4646077
4646960
4647453
4647683
4648141
4649024
4649123
4649396
4650631
4651440
4654601
4655218
4657328
4657888
4658851
4659716
4660254
4661038
4661142
4662132
4662364
4662930
4663598
4664970
4665369
4665373
4665645
4667788
4667942
4668265
4668778
4669370
4669385
4670226
4670574
4670592
4672011
4673758
4675333
4675978
4676008
4676716
4677774
4678602
4681815
4682754
4683942
4684787
4686746
4687335
4688328
4689043
4689147
4689287
4689869
4690271
4691033
4692181
4693399
4695046
4695682
4697575
4697664
4698535
4701408
4701443
4702458
4703206
4703728
4703750
4704429
4705067
4705341
4705494
4707151
4709222
4709564
4709592
4709815
4710543
4710567
4713765
4715364
4716373
4718609
4718784
4719159
4720236
4720244
4720393
4720569
4721531
4723035
4724168
4724351
4726156
4727487
4727728
4730536
4731540
4731986
4732018
4732289
4733301
4733651
4734057
4734556
4737773
4737910
4739295
4739954
4740132
4740929
4740987
4744989
4746940
4747620
4748066
4750553
4751671
4751705
4752294
4752950
4753581
4755788
4755817
4756763
4757287
4757319
4757733
4758177
4759436
4759746
4759753
4762022
4762711
4762898
4764234
4764334
4764576
4765891
4766090
4766966
4767044
4768900
4769112
4772516
4772868
4773767
4775325
4775578
4776076
4776766
4777406
4780095
4780736
4781662
4781743
4783320
4784208
4785535
4786274
4786616
4790722
4790852
4791086
4791667
4791827
4792203
4793216
4793377
4794352
4794716
4795251
4795572
4795802
4796866
4796895
4796991
4797918
4798684
4798757
4801016
4801049
4801731
4803992
4804494
4804582
4804740
4805181
4805756
4806896
4807004
4807110
4807726
4807942
4810342
4810520
4811792
4812266
4814117
4814620
4814850
4815278
4815947
4816280
4816883
4817079
4819299
4819555
4820191
4821404
4822007
4822927
4823769
4823877
4825880
4829933
4830131
4830523
4833524
4833738
4834369
4834678
4837996
4838597
4840263
4840928
4841130
4841164
4841868
4842224
4842343
4842349
4842419
4842862
4843284
4844559
4846704
4848067
4848165
4852547
4854451
4856743
4858106
4860263
4861260
4861824
4862762
4862876
4864398
4866018
4866022
4866125
4866431
4867387
4868365
4869533
4869554
4869786
4871388
4872098
4872227
4872476
4872543
4872674
4873764
4874229
4875593
4876085
4878443
4879170
4879879
4879911
4880134
4880517
4880586
4881008
4881819
4883111
4886351
4889355
4890126
4894954
4896422
4898753
4898833
4899201
4900022
4902394
4903895
4904583
4906143
4909231
4910814
4910955
4911859
4911922
4913954
4915216
4916249
4916274
4916956
4919411
4921674
4923596
4924197
4924409
4924549
4927622
4928868
4929013
4930692
4934254
4935211
4936760
4940832
4941396
4942079
4942472
4943297
4943929
4946610
4947677
4948651
4949315
4951431
4953734
4954442
4956731
4959181
4961205
4961329
4961586
4963300
4963686
4965058
4965155
4965374
4968119
4969590
4970580
4970855
4973412
4974234
4974236
4975022
4975699
4976137
4976575
4978864
4981369
4981774
4983436
4984444
4985981
4986345
4986895
4987918
4990937
4992997
4993280
4994249
5000935
5002153
5003752
5005866
5006020
5009517
5009868
5010325
5015264
5018102
5020116
5020122
5022516
5022852
5023982
5024539
5024636
5024813
5025099
5025331
5025881
5026881
5026941
5028404
5028548
5028802
5035583
5036996
5038994
5040014
5040503
5041863
5042423
5042745
5042955
5043599
5044174
5044288
5044497
5044673
5048110
5048557
5048754
5052134
5054133
5055268
5055601
5055640
5057053
5057196
5057804
5058031
5058066
5058609
5058694
5059009
5059285
5060106
5061535
5061544
5061872
5062284
5062543
5062951
5063522
5064066
5064836
5066487
5066638
5066943
5067301
5067648
5067943
5070345
5070890
5071189
5073978
5074379
5074837
5076733
5078628
5078838
5079500
5079726
5080162
5080253
5081296
5081632
5087883
5089270
5089750
5092004
5092320
5093332
5094837
5095066
5095102
5097928
5099761
5100654
5102233
5103418
5104439
5104819
5104824
5105077
5106331
5106348
5108285
5110357
5110753
5111079
5111213
5111362
5111478
5112060
5112261
5112357
5112821
5113030
5113323
5113564
5113997
5114093
5116612
5117011
5117997
5118187
5118229
5118965
5119741
5120072
5121606
5122759
5123094
5124175
5124699
5125612
5125938
5127010
5127903
5129588
5130212
5130268
5131335
5132126
5132934
5133889
5135534
5135870
5136401
5137350
5137711
5137723
5141730
5142219
5142765
5142829
5143148
5143201
5143734
5143845
5144333
5145363
5145687
5146718
5147630
5147724
5147997
5149278
5149434
5149518
5151934
5154168
5155912
5156087
5157991
5158362
5158789
5158893
5159121
5159380
5159551
5159637
5159904
5160122
5161982
5162251
5162560
5163866
5163935
5165693
5166063
5167820
5169340
5170049
5170145
5170405
5172510
5173453
5173509
5173533
5175513
5176191
5179095
5181933
5183048
5183437
5184490
5185033
5185034
5186035
5186123
5188600
5189493
5191094
5191276
5192289
5192959
5193910
5194131
5194236
5194771
5195339
5197443
5197708
5198220
5199368
5200227
5200648
5200958
5200970
5201361
5201462
5202375
5203756
5204402
5204861
5205252
5207400
5207433
5209430
5209551
5210254
5211726
5212427
5214108
5214605
5215419
5215847
5217122
5217188
5218730
5218743
5219275
5219842
5219926
5220795
5221056
5221668
5223292
5224552
5226051
5226848
5227102
5229922
5230703
5231323
5231709
5231758
5231983
5232308
5232920
5233960
5234660
5235685
5236222
5237300
5237448
5238230
5238814
5241402
5241612
5242846
5243706
5243771
5244458
5244561
5244842
5246149
5246200
5246908
5247407
5247655
5248265
5248480
5251232
5252880
5253070
5253275
5254739
5256604
5257062
5258928
5259020
5259202
5259441
5260378
5260712
5262750
5262847
5263594
5263753
5263814
5264136
5264367
5264400
5265529
5266718
5267054
5267111
5268805
5269274
5269537
5270679
5270917
5272334
5272725
5273047
5273168
5274514
5275385
5276612
5278039
5280683
5281041
5283567
5285400
5286515
5286819
5290617
5291506
5291810
5293454
5294448
5294552
5295579
5296200
5296457
5297161
5298107
5298471
5298990
5299303
5300747
5303944
5304883
5305581
5305835
5306187
5306283
5306384
5307072
5307900
5307910
5309371
5309387
5311049
5311326
5315958
5318187
5318437
5318863
5319156
5319938
5319988
5321604
5324392
5325367
5326243
5326595
5327609
5331132
5331243
5331530
5332923
5333149
5335589
5338321
5338337
5338759
5339288
5339344
5340274
5340416
5340732
5341342
5342436
5344461
5344963
5345390
5346548
5348235
5349374
5350307
5350714
5352328
5353136
5354014
5356120
5357356
5357683
5358925
5360232
5360297
5360755
5362386
5362410
5363152
5363411
5363498
5363744
5364554
5368287
5370356
5371181
5372505
5373463
5373504
5376379
5377046
5377257
5378343
5378502
5379089
5379512
5380007
5380282
5381090
5382708
5383641
5383689
5384198
5384220
5384457
5386400
5386501
5386817
5386913
5389847
5390555
5392153
5392159
5392673
5392883
5393485
5396820
5397048
5397409
5398059
5398098
5398101
5398585
5399222
5400130
5401169
5401733
5402522
5403036
5405001
5405421
5405894
5406813
5406849
5407097
5408576
5409396
5411584
5412030
5413792
5414098
5414725
5415291
5417038
5418308
5418603
5421550
5421691
5422547
5422761
5424003
5424343
5426020
5426458
5427391
5429054
5429391
5429627
5430992
5432424
5432916
5432992
5433298
5433591
5434032
5434186
5434730
5434774
5434984
5435640
5436013
5437667
5438083
5439320
5443602
5444173
5444864
5445280
5445365
5445604
5448941
5450753
5451728
5452727
5453192
5453225
5453410
5454528
5454823
5455007
5455032
5455230
5456350
5457567
5457576
5458258
5459309
5460863
5461252
5461506
5461596
5461947
5463518
5463759
5464444
5465177
5466600
5467747
5468216
5468277
5470212
5472645
5472802
5475280
5476101
5476420
5476787
5477334
5478158
5478176
5479027
5480087
5480968
5482542
5482602
5483431
5484256
5484720
5485263
5485470
5486700
5486734
5490293
5490655
5492911
5493626
5493807
5495014
5496062
5496104
5496841
5503569
5503814
5504317
5505340
5509597
5510125
5514561
5515371
5515929
5518740
5519487
5521853
5522252
5523122
5524101
5524815
5525011
5525049
5527839
5528862
5529245
5530253
5530994
5532261
5533014
5533953
5534333
5534757
5535595
5539231
5539336
5542091
5542099
5543687
5548064
5548460
5549439
5550625
5551262
5558076
5559377
5559423
5561862
5562480
5563960
5565019
5567593
5570118
5571512
5571652
5571904
5573357
5573392
5575933
5577452
5577560
5577676
5579365
5581755
5584451
5586560
5588329
5588582
5591821
5594707
5594974
5599233
5601891
5603365
5605533
5606731
5608319
5610895
5611666
5612735
5613287
5617189
5617328
5617701
5619650
5622995
5630228
5634501
5635593
5638958
5639078
5639597
5639946
5642525
5644857
5651711
5654254
5656363
5657137
5658809
5659494
5665109
5666762
5668906
5671033
5671357
5671666
5672187
5673561
5673798
5677994
5678964
5679562
5679811
5686520
5686993
5688026
5688152
5688717
5694333
5695379
5698366
5698754
5700137
5702211
5703886
5705755
5705939
5706537
5708983
5709136
5709337
5710381
5711739
5712153
5713142
5715263
5715952
5715995
5716907
5718526
5718854
5720158
5721229
5721486
5722616
5723303
5724039
5724146
5725057
5727675
5729544
5730972
5731376
5733930
5735476
5735520
5737487
5741252
5741488
5741512
5741957
5742707
5744704
5744772
5745704
5746314
5746870
5752166
5753135
5753507
5755067
5756244
5757396
5757531
5761487
5762385
5763043
5765142
5765157
5766356
5766529
5766944
5771584
5773518
5774324
5775324
5776669
5777079
5778305
5779073
5780487
5783346
5783779
5784397
5785071
5785663
5787619
5788667
5793910
5797779
5798028
5798833
5800316
5801177
5801908
5802656
5803256
5805542
5807589
5808159
5808410
5808648
5809742
5809778
5810223
5811276
5811503
5812621
5815242
5816405
5816675
5818301
5819258
5819912
5820169
5821890
5825069
5828427
5829454
5829990
5833626
5834095
5834844
5837075
5838428
5840416
5840864
5841360
5841416
5843246
5843462
5843560
5844757
5844837
5845096
5845734
5846488
5851148
5851154
5851966
5852224
5853927
5853999
5855160
5856425
5858144
5858969
5862780
5864493
5874946
5875900
5875995
5876119
5881174
5886353
5890566
5896944
5898587
5898618
5901563
5903618
5909959
5910272
5910603
5911953
5912632
5914180
5914288
5915029
5915084
5916964
5921793
5922128
5924490
5926052
5926989
5927556
5927629
5928736
5930472
5931707
5932995
5935678
5936549
5936665
5939410
5940625
5944412
5945612
5950932
5951000
5951255
5951266
5956893
5961716
5961779
5962500
5964664
5965100
5967751
5970656
5971204
5972527
5974477
5974502
5975268
5975345
5978708
5978858
5978900
5979013
5980099
5980503
5981331
5981579
5981685
5981775
5982964
5986502
5986974
5987023
5989562
5990369
5991349
5992722
5993788
5994063
5994796
5995625
5996123
5998153
5998168
5998322
6002220
6003779
6004912
6006053
6006230
6007486
6007863
6010742
6011630
6012142
6012771
6014608
6015475
6018009
6019148
6020008
6020729
6020880
6021173
6026044
6026786
6029947
6033241
6034715
6034721
6035374
6036959
6037302
6038766
6039792
6042994
6043394
6043647
6043650
6045132
6045713
6046381
6046750
6048436
6049559
6050131
6051967
6055526
6056339
6056372
6056521
6058524
6058720
6059164
6068152
6069807
6072876
6075167
6075733
6082609
6083158
6085158
6085382
6086539
6086591
6086920
6088276
6088498
6088878
6089232
6091213
6091370
6093487
6095441
6095815
6099493
6102402
6133997
6136852
6140200
6141150
6141767
6146677
6147484
6168998
6172369
6187254
6195463
6196041
6210736
6223077
6225774
6231250
6248421
6266133
6291710
6297513
6301183
6304147
6313676
6316081
6324574
6326757
6329118
6330108
6365676
6371123
6378547
6398143
6404053
6421832
6435510
6441982
6445973
6455505
6475438
6476089
6481015
6483845
6486058
6494496
6500633
6505776
6507474
6507669
6510660
6511687
6511957
6513511
6520338
6544616
6552208
6557578
6565012
6571848
6578615
6583870
6585355
6585476
6585527
6587964
6589701
6594936
6603210
6606355
6617265
6618429
6619898
6636950
6638968
6639343
6649061
6654309
6670497
6674380
6680890
6689626
6690003
6697973
6710035
6714256
6721081
6722746
6724629
6732635
6741217
6741342
6747280
6763629
6765468
6780211
6783257
6809477
6833887
6836486
6844168
6859708
6866828
6872442
6874270
6887672
6890120
6893032
6898797
6914763
6920131
6929678
6932223
6946674
6966047
6969666
6973251
6975969
6982939
6985192
6985816
6997852
7000361
7006590
7017837
7020344
7021282
7022570
7029349
7040060
7045882
7055999
7060492
7076996
7079502
7099237
7123334
7135250
7138874
7140050
7159875
7168405
7182287
7186162
7196788
7203104
7203831
7207087
7245491
7249045
7270903
7271226
7294801
7305957
7329620
7334367
7338996
7348399
7360503
7365566
7382908
7389258
7401869
7406329
7406478
7417133
7421141
7423674
7432208
7439564
7439885
7446395
7467721
7475179
7477286
7482095
7490100
7530891
7546567
7548963
7555182
7563612
7567605
7575877
7577827
7578564
7581898
7583105
