7904764
7906492
7906731
7907976
7910808
7913140
74
551
1904
3251
3271
4058
4099
4357
5755
8261
10091
12270
12461
12798
13350
15470
15927
16277
16409
16959
17950
18423
19510
20406
20895
20936
21009
21155
21992
22466
23823
26139
26925
27379
27887
27894
28524
28943
30325
31736
32769
35617
35763
37234
38077
40081
41076
41897
43189
43332
44556
44851
45049
46516
47835
49189
49211
49285
50292
50506
51308
53068
53300
56231
57168
57210
57573
57665
58582
60417
62405
62498
63181
63197
65138
65256
65559
68048
68497
68967
69577
69888
69940
74260
74318
75486
76298
79017
79395
81651
82143
84535
84817
85440
87202
89410
90221
91032
91035
91286
91658
92780
92843
93149
93502
94992
95301
95372
95426
95949
96397
98660
101469
102408
102839
103697
103780
105223
105353
105725
106052
106096
107594
108391
108420
108509
111121
112329
113834
114272
118621
118770
119443
120452
121826
122005
122617
122773
122933
123371
123583
123823
124617
126721
126837
127321
128795
129371
130473
131800
131816
133060
133271
133858
134749
135868
136414
136618
136685
136741
138401
138522
138705
139286
139520
140466
141332
141405
141803
141940
141985
142646
144094
145642
146157
146579
148045
148189
148454
148658
148732
148976
149581
150991
151001
151276
151493
152437
153418
153749
154788
155496
155950
156391
157166
158792
159145
159566
159639
160126
160419
161153
161904
164867
166570
167634
167654
168367
168374
168712
169077
170049
170796
172870
173198
173253
173268
173545
173637
173925
174197
174970
175940
176257
177282
177659
179511
179775
181100
182416
182919
183411
183558
183726
185410
185429
186082
187850
188195
188200
188801
189109
189277
190440
190889
191093
191344
191474
192601
192977
193140
194061
194778
194865
195255
195389
196130
196767
202146
205108
206461
209163
209701
209735
209739
209880
210329
210391
210695
210939
211437
211720
212435
216761
217196
217551
218866
218969
220230
220306
220497
222301
222558
223301
223444
224924
225151
225172
225509
225525
226145
228043
228834
228928
230451
230458
231411
231608
231640
232541
232577
233313
233734
234278
235708
236295
236818
237228
238123
238675
239740
240670
240730
241169
241497
242380
242580
243881
243913
244179
244545
244598
244803
246146
246356
247220
247828
247892
250967
252030
252291
253250
253435
254465
255348
255453
255627
256779
258067
260402
261869
262027
262060
262258
262324
263319
263349
263479
265006
265896
267199
267882
269398
269784
270109
270477
271017
273735
274539
275968
276104
276162
277442
278226
282040
282650
283310
284802
284982
285717
287129
287325
287735
288008
289242
289973
291813
293068
293282
293328
293470
294748
295382
295513
296447
296612
297140
297859
298195
300365
300601
300790
301666
303826
304891
305676
307203
307432
307992
308827
309686
310598
310688
310920
311263
311337
311488
312071
312969
317302
318837
319837
321042
321928
322320
323707
324172
325129
325232
325606
328107
328348
329356
331777
333773
334937
336766
337335
341873
343529
343541
344461
344485
344674
344846
346352
346630
351439
352622
355572
355575
356127
357403
358335
360472
365454
365560
366596
367100
370148
372661
372749
375128
376465
378837
379834
380185
380640
381259
383129
387642
389408
389704
389821
390043
391220
393091
394818
394856
397955
398031
402003
403009
403158
403315
403670
404325
405045
405378
406035
406141
406383
406800
407172
409870
410362
410927
410995
410997
411273
411843
412168
412348
413793
413918
414042
415011
417249
418374
421927
422185
423548
424872
427847
428480
429508
430556
431334
434231
434751
435880
438030
438626
440506
441489
443742
443998
445290
447002
447483
449323
449342
450692
451331
452013
452791
452957
460257
464769
464800
465060
466153
467363
468706
470994
471557
472308
473941
474903
474997
475545
477313
477436
478310
479770
483521
483806
484914
486574
488185
488444
490458
490831
492193
492797
494811
496414
496502
497881
499533
500558
500560
500603
501208
502088
503020
503261
505693
509505
510278
510362
510582
512748
512762
514006
514730
516958
517394
517988
519433
520273
520845
521019
521066
521872
522383
523562
524433
526380
526519
527969
527999
530911
531923
532598
534847
536769
538721
539143
539796
542306
543008
547087
550682
551682
552169
552438
556794
557924
558500
558620
560812
561411
562035
564259
564476
565291
565587
569337
569486
571101
573689
573942
574152
574501
574518
575048
579584
583509
585995
586436
587425
587473
587648
587711
587753
588286
590489
590836
591163
592158
592324
594251
595655
596605
596771
596966
597083
597695
598254
598997
598999
600236
600535
601258
601309
601346
601587
602459
603946
604806
604900
606602
608470
610306
610565
611173
612645
612650
613064
613228
615049
615262
617522
618470
618965
619134
619525
623827
625744
627323
635229
635626
636788
638321
638540
641888
647819
648502
653909
657183
659627
660739
662538
662892
663084
663790
664839
665355
665478
666117
666354
666613
670885
671814
672740
673011
674623
674740
675260
679337
679899
680323
682378
682469
682538
683808
683928
684534
684611
685614
686049
686830
687421
687886
688001
688624
689499
691455
693249
694855
695598
695960
696675
698070
698339
699025
699249
699764
699868
700313
700316
700887
700995
703604
704542
705527
706179
708036
710597
711293
712827
713584
715167
718702
718757
719628
720344
720443
721809
723342
724413
724773
725138
726476
726803
728545
730991
733158
733366
734629
736119
736310
736496
736753
737538
738922
739374
740496
740946
740982
742588
744079
744353
744810
746263
747380
747450
750267
751101
752937
754354
754650
755133
757590
757769
758988
759740
760136
760356
760895
763887
765304
765345
765482
767675
767867
769439
770663
771289
771398
772888
776864
777175
778091
778130
781124
781336
781407
782476
782879
784123
784728
786602
787528
791491
791966
792011
792063
794718
794993
795294
795993
796560
796574
799556
799567
799691
800977
801875
802950
803263
804170
804919
805312
806370
809393
815108
818222
820360
822732
824537
824695
824716
824828
825155
825761
825896
826117
826350
826646
826844
827914
828450
829538
830653
833520
834454
836749
840609
840968
842419
843067
846352
846907
848243
848438
848508
850835
850956
854297
856172
856345
857525
860305
862705
866986
867006
867068
867395
867694
869626
871783
871798
874030
874194
874887
876073
878793
881046
882462
882753
882769
884477
884864
885277
885491
886320
887288
890509
892010
892551
893237
893302
894306
894648
895863
895895
896405
897015
899478
899698
903309
903537
908814
912645
912647
915715
917456
917995
920656
920782
921268
921319
922171
924449
924651
926828
927502
930401
930426
930617
930809
930818
931363
931660
933266
933633
934174
935374
936078
941949
942067
942149
946841
947553
948731
948903
951165
952085
952204
952930
954366
954638
954922
955212
955711
956202
956312
957463
958533
958580
959744
959802
960815
961784
962043
963669
963956
965223
965946
966727
969115
969871
969923
970604
970969
972167
973683
974629
974754
976409
976452
977609
978069
978293
978509
979553
981664
985940
988047
988135
989001
990170
991157
994307
999113
999853
1001722
1002019
1002198
1003188
1003722
1004154
1004437
1004834
1006243
1007688
1008374
1008973
1010706
1011326
1011913
1013184
1013801
1013845
1013926
1014180
1014195
1014641
1015998
1018525
1019544
1021420
1021905
1024280
1024475
1025798
1027882
1029012
1029362
1030278
1031087
1031779
1032117
1035043
1035657
1037988
1040589
1040592
1040795
1042065
1042139
1043019
1045620
1048606
1048928
1049228
1050781
1052127
1056152
1058363
1060996
1062045
1064455
1065597
1069405
1072206
1076630
1077086
1081775
1083438
1084685
1085587
1086807
1087007
1088861
1089405
1089839
1091048
1091627
1092650
1093346
1094715
1096833
1097857
1099425
1100886
1100978
1101800
1102005
1104817
1105636
1108335
1111147
1113181
1113593
1116058
1116701
1116811
1116998
1117549
1117692
1118359
1118825
1120298
1121232
1121819
1123032
1123143
1123892
1126037
1126557
1128186
1129094
1129106
1130492
1130731
1132313
1135451
1135897
1138017
1138980
1139404
1142584
1143708
1143859
1143882
1144541
1146919
1147358
1148077
1149055
1149344
1152208
1153958
1155069
1156960
1157342
1157760
1159273
1160240
1160810
1163661
1167410
1169095
1170576
1172944
1173862
1174583
1176935
1177202
1178839
1180041
1181265
1181458
1184996
1185159
1187435
1187440
1188218
1190687
1191332
1191610
1192376
1194229
1200037
1200092
1202638
1203574
1204303
1204605
1205097
1205898
1207040
1208530
1209028
1209696
1211214
1213702
1214523
1215466
1215905
1217801
1217980
1218181
1221024
1221251
1221413
1221765
1222064
1223933
1224051
1225440
1225877
1227785
1228312
1229084
1229247
1231421
1232552
1234711
1234972
1235218
1235997
1237406
1238072
1239475
1242756
1243690
1245314
1245997
1247266
1247573
1248320
1248552
1249326
1250050
1252668
1254047
1255498
1255967
1256081
1257157
1258231
1259352
1260347
1260383
1260651
1261335
1261376
1261998
1262440
1263155
1265072
1265892
1266762
1267896
1267940
1269558
1270332
1270825
1271902
1271979
1272676
1272722
1272837
1274393
1275361
1277189
1278680
1279404
1280360
1280965
1282494
1282665
1283137
1286634
1286885
1288173
1288208
1288513
1289464
1290379
1290489
1293309
1296407
1296795
1299314
1299322
1300946
1301073
1301781
1304837
1305348
1305827
1306347
1307110
1307505
1307957
1308429
1311931
1312236
1314976
1314994
1316451
1316822
1316886
1317925
1318695
1320072
1320077
1323886
1323909
1331038
1332374
1333568
1334097
1334352
1335377
1336309
1339296
1339380
1340590
1342595
1343116
1343423
1343911
1345604
1346981
1347630
1348388
1349589
1351415
1352514
1352811
1353964
1353972
1354045
1355449
1356191
1357580
1358095
1358209
1358402
1359573
1359623
1360863
1362043
1362553
1364589
1369954
1370385
1370667
1375324
1376374
1377507
1383088
1383565
1383965
1385028
1385619
1386131
1387319
1388936
1391644
1393876
1395240
1395603
1395827
1396069
1397559
1397657
1398701
1398792
1399916
1400187
1402274
1408436
1411086
1412841
1414940
1416414
1417809
1419457
1419601
1419620
1420154
1424872
1425102
1426313
1426576
1427380
1429208
1429841
1434068
1434126
1435847
1437448
1437820
1438303
1440263
1441926
1442000
1442479
1442731
1445734
1445983
1446947
1449231
1449766
1450714
1451154
1452338
1453186
1453248
1453283
1453942
1454616
1458066
1460126
1461205
1464306
1465659
1466078
1468456
1468799
1469157
1469202
1470724
1473799
1477147
1477740
1478138
1478867
1478892
1480219
1480545
1480564
1481285
1481310
1482164
1482484
1485050
1485911
1486075
1486159
1486373
1486608
1486861
1487306
1487801
1490961
1491520
1491594
1492211
1494402
1494749
1495647
1496687
1498973
1499075
1500601
1503491
1503813
1504695
1506158
1506855
1507176
1512012
1512397
1515251
1516296
1516493
1518922
1521858
1522859
1525193
1526283
1528004
1529884
1529930
1531886
1532397
1532452
1533709
1534246
1535387
1536033
1539326
1539832
1541110
1543329
1545464
1545561
1545616
1546449
1546669
1550836
1551699
1552870
1552935
1553736
1553869
1554247
1557840
1558459
1560786
1561045
1561276
1561453
1562289
1562562
1563418
1563844
1565124
1566183
1567580
1567699
1569350
1569800
1570458
1570598
1572350
1572993
1573190
1573301
1578153
1583232
1586056
1586937
1587189
1587644
1587897
1588098
1590311
1590497
1590719
1592741
1593773
1594723
1594768
1596792
1597435
1598331
1598992
1601303
1603332
1604251
1604541
1605796
1607687
1609488
1610752
1613193
1613282
1613328
1614733
1615108
1621333
1621492
1622044
1623825
1623969
1625863
1627414
1630972
1631166
1631543
1631596
1633742
1634623
1634879
1635700
1636385
1637976
1638185
1638733
1640797
1643246
1646523
1651620
1651894
1652198
1652982
1655792
1656096
1657108
1658907
1659245
1660792
1661703
1661779
1662314
1662564
1664209
1664752
1664797
1665646
1669362
1669796
1671222
1672610
1674023
1674325
1674444
1679120
1679560
1680056
1680200
1685300
1685618
1686503
1686713
1689801
1689891
1690338
1692186
1692688
1693150
1697442
1698788
1699737
1700388
1705711
1705862
1709732
1711393
1711721
1717213
1720631
1720736
1720879
1721046
1722513
1722943
1725986
1728462
1729109
1729301
1730418
1730747
1731088
1731910
1736120
1736666
1738351
1741728
1743119
1743768
1744102
1746233
1746533
1747096
1747387
1749071
1749135
1752211
1754708
1757079
1757431
1757689
1759618
1760368
1761442
1762214
1763595
1764136
1766223
1767634
1772933
1777550
1777602
1779197
1780163
1780478
1782558
1784224
1784735
1784813
1786958
1787047
1788694
1788800
1789680
1790975
1791306
1791746
1791858
1792271
1793207
1793798
1798845
1800590
1800766
1801670
1801810
1802542
1807541
1808307
1809700
1810959
1811118
1811252
1811812
1812110
1813258
1813782
1813987
1815336
1815725
1821168
1822787
1824576
1826428
1832101
1833344
1833923
1834275
1834939
1835117
1836599
1836655
1837162
1839984
1841285
1842305
1842882
1843885
1845123
1845142
1845277
1846749
1848112
1848796
1850630
1850822
1852300
1852949
1854466
1855085
1857736
1862416
1864989
1866947
1867064
1870077
1872445
1872482
1872658
1873270
1873279
1874598
1875826
1876751
1876967
1878683
1879031
1879323
1879708
1880136
1880522
1880659
1880810
1882404
1883719
1885580
1886926
1887662
1888487
1889163
1889266
1894223
1898915
1899507
1900830
1901932
1904641
1905406
1906080
1906543
1906720
1908567
1908858
1908859
1909018
1909971
1912140
1913859
1914006
1914590
1918041
1918338
1918601
1921102
1921986
1927242
1929702
1931344
1932314
1933199
1934219
1935146
1935271
1935808
1938449
1938704
1942679
1942829
1943030
1943592
1943605
1944893
1944968
1945443
1945634
1947043
1948044
1948572
1949162
1952989
1954282
1957857
1958810
1959603
1961889
1963274
1964000
1968246
1969886
1970309
1971968
1974304
1975160
1975619
1977367
1979925
1981725
1983414
1984027
1984952
1985027
1985982
1986075
1986301
1986722
1988674
1988785
1988834
1989064
1990785
1991751
1992702
1994346
1996505
2000772
2004047
2004195
2005017
2005801
2006006
2006243
2007497
2008201
2008519
2008641
2009864
2011091
2011620
2012486
2016356
2016716
2016769
2018058
2019545
2020809
2021469
2021669
2021875
2022233
2022370
2022426
2023150
2024325
2028394
2028506
2028531
2030756
2031296
2032232
2032246
2032503
2032777
2032943
2032970
2034890
2034918
2035685
2036912
2038712
2038866
2039445
2040355
2041372
2042535
2042852
2043100
2044497
2044653
2045580
2046383
2046900
2047741
2048285
2048330
2048450
2049571
2050789
2051584
2052359
2052713
2053838
2054924
2055548
2056902
2059065
2059434
2060958
2061331
2064054
2064491
2065413
2065514
2066742
2069069
2072872
2074961
2075737
2076454
2076936
2077608
2077850
2078616
2079736
2080991
2082456
2084394
2084718
2084954
2085741
2089553
2089796
2090544
2090692
2092635
2093186
2094179
2094716
2095287
2096467
2097044
2097537
2097799
2099084
2101271
2102362
2102815
2103996
2104590
2104730
2104868
2105372
2105410
2105436
2107150
2107401
2108339
2109012
2109505
2110012
2110435
2110956
2111011
2112053
2112365
2114810
2115149
2117009
2117068
2118112
2118959
2120555
2121184
2122237
2123597
2125308
2126057
2126546
2128156
2128637
2130773
2131300
2131520
2133845
2137169
2137177
2138349
2139649
2141349
2142432
2142916
2145277
2145344
2147414
2147854
2147933
2149890
2150905
2151608
2152834
2154957
2155005
2156142
2157524
2159328
2159554
2161704
2162857
2163056
2163808
2164156
2165302
2165672
2165731
2166082
2166402
2167303
2167799
2169521
2171277
2171375
2171590
2173021
2173839
2175265
2175525
2176009
2176583
2178019
2179567
2181691
2181922
2183726
2184059
2184697
2185150
2185440
2186831
2187058
2188883
2189432
2189935
2192173
2194261
2195036
2196466
2197434
2198021
2198194
2198610
2201989
2202851
2202877
2203321
2203696
2205501
2205914
2207329
2209672
2211584
2212843
2213090
2213142
2213282
2213760
2214421
2217182
2219122
2222265
2222494
2223824
2226350
2226762
2227145
2227663
2227885
2228269
2228445
2229171
2230315
2230438
2231934
2232147
2233108
2233809
2234322
2239337
2239385
2239697
2242131
2245744
2248789
2254894
2260131
2261376
2262483
2263516
2263811
2264320
2265778
2268852
2269935
2274342
2275490
2275800
2276079
2276598
2277173
2277259
2277522
2278841
2279947
2280338
2280430
2281204
2281733
2288129
2290870
2291850
2291937
2292942
2293620
2294673
2296435
2297148
2298258
2298347
2299187
2299973
2300967
2303445
2304584
2305765
2307920
2308182
2310947
2313132
2313364
2313920
2314306
2314471
2314473
2314973
2317718
2317790
2317855
2317974
2318337
2318551
2318621
2321083
2322148
2322216
2322486
2323743
2327455
2330273
2331235
2332875
2335379
2338064
2338117
2339290
2339449
2341063
2341871
2343024
2345453
2346774
2349192
2351480
2356894
2357664
2358364
2359819
2360359
2361636
2363194
2363218
2363333
2364379
2369144
2372524
2372724
2375284
2376825
2377701
2379417
2380785
2383195
2383752
2384418
2385465
2385529
2385690
2387114
2388682
2389479
2390586
2391277
2393097
2393863
2396148
2396176
2396343
2400313
2400967
2401004
2401426
2401622
2404174
2405953
2406271
2408880
2410461
2411234
2413330
2413501
2414872
2417160
2421108
2423479
2425286
2425527
2427438
2428259
2428458
2428761
2429787
2433356
2435252
2435495
2436213
2438990
2439341
2440376
2441694
2445419
2445511
2446629
2447117
2448134
2448791
2449774
2450345
2452070
2452100
2453156
2454285
2455564
2456280
2456377
2456783
2457635
2459752
2463851
2464413
2465885
2465959
2466113
2466197
2468422
2469063
2470800
2473321
2474106
2475531
2477633
2479077
2479276
2480404
2481982
2483342
2483821
2484528
2486116
2486870
2487226
2488522
2488976
2489806
2490380
2490644
2496182
2496729
2498220
2499664
2500167
2500858
2501727
2503658
2504611
2506078
2506378
2507378
2508276
2508418
2508925
2511134
2512929
2514257
2514469
2514617
2514869
2515073
2515748
2516867
2519828
2520234
2520829
2521677
2524484
2524562
2524720
2525831
2525847
2527378
2528013
2528078
2528900
2534750
2536638
2537116
2537333
2539247
2539551
2539819
2540921
2545405
2548256
2549823
2551404
2552140
2552309
2554152
2554397
2554654
2557356
2557547
2557668
2559279
2561338
2564826
2564878
2566476
2566606
2566768
2569352
2569793
2570305
2572135
2572521
2573007
2573235
2575837
2575849
2577512
2577561
2577718
2578461
2579073
2579610
2579933
2580324
2580634
2582507
2583335
2586480
2587125
2587146
2589749
2589931
2592384
2593510
2593722
2594204
2594257
2596757
2597122
2597198
2600008
2601002
2601241
2601497
2606034
2606373
2606781
2609969
2610016
2610182
2612096
2612811
2613236
2613264
2613869
2614242
2615050
2616537
2617975
2619593
2621522
2623489
2625719
2627798
2628203
2628451
2628692
2629101
2630158
2630594
2630747
2634696
2637784
2638555
2638641
2638979
2642176
2642610
2643205
2643328
2644765
2647319
2647932
2649031
2649840
2650382
2650488
2650944
2652872
2652969
2655033
2655081
2660898
2661209
2661341
2665050
2668650
2669252
2671427
2673690
2674039
2678919
2679208
2680351
2680559
2681336
2681610
2682034
2683182
2684274
2684425
2686670
2687534
2690256
2691272
2691448
2692354
2695068
2695452
2697224
2699845
2701860
2702268
2702806
2703257
2704649
2704935
2706046
2706826
2707537
2709604
2710450
2711659
2713133
2713313
2713664
2714682
2716396
2718200
2718797
2724464
2727120
2730357
2734620
2743193
2743475
2743511
2744632
2746476
2747023
2748255
2750551
2751764
2751890
2752945
2756517
2757342
2759253
2760369
2760650
2761097
2761338
2765236
2767122
2767797
2768753
2769900
2770018
2771297
2771557
2772127
2772974
2774067
2774377
2776432
2779194
2779483
2782723
2785057
2786635
2786888
2789778
2791459
2792053
2792428
2792532
2795115
2797003
2797265
2797820
2798183
2798633
2798674
2799705
2799838
2801822
2802727
2804206
2804328
2805792
2807235
2807535
2810184
2810850
2810977
2811370
2813669
2815725
2816348
2817939
2818090
2819407
2819923
2821142
2821489
2824371
2824764
2825451
2825982
2827539
2829117
2830003
2833043
2834440
2835121
2840712
2842056
2843371
2844143
2845568
2846681
2847095
2847213
2850938
2851411
2851530
2851615
2851884
2851917
2855746
2862649
2862954
2866800
2867011
2867094
2867866
2871029
2871462
2872019
2872515
2872932
2874414
2875242
2876998
2879729
2880923
2881977
2885025
2885030
2888730
2889072
2890910
2891080
2894183
2897201
2897953
2899030
2900083
2900402
2904395
2905890
2907072
2907953
2909289
2911777
2911892
2915427
2918627
2923425
2925767
2927513
2927889
2928521
2929800
2931783
2932540
2932718
2933199
2935407
2936840
2936847
2937390
2940399
2940732
2941856
2942769
2945974
2949929
2951028
2951492
2952375
2952806
2953730
2954232
2954798
2956556
2956956
2957084
2958753
2960750
2961934
2962435
2962635
2963382
2963705
2964454
2965845
2968856
2970496
2971838
2971977
2974336
2975494
2975729
2977407
2979457
2980073
2980428
2982491
2984427
2985300
2987470
2988311
2988982
2990774
2992358
2994620
2995095
2996672
3001239
3002434
3007217
3009517
3009615
3011549
3011980
3012639
3013838
3017087
3017680
3019308
3019676
3020199
3020275
3020688
3021045
3023894
3024026
3024529
3024718
3025935
3028523
3029375
3030417
3031297
3031571
3032491
3035751
3036301
3036817
3037335
3037339
3038595
3040513
3040590
3040931
3041715
3042398
3042541
3043152
3043555
3043989
3046615
3048643
3049112
3050893
3052138
3052404
3052576
3053075
3054112
3056510
3057009
3058009
3058643
3058728
3061981
3062690
3062895
3063139
3063393
3066387
3066531
3066863
3071371
3071878
3074655
3074694
3075370
3078356
3078704
3080979
3081888
3084959
3085995
3087921
3089158
3090001
3090099
3091085
3091639
3091836
3092695
3094706
3096940
3097704
3098105
3099847
3101365
3101757
3103797
3103821
3104184
3105854
3106168
3106660
3111823
3111906
3113123
3116212
3116362
3117046
3117209
3120196
3120392
3125038
3125799
3127463
3128571
3128713
3129716
3130687
3131654
3131813
3132805
3133582
3134532
3135557
3138275
3138905
3139447
3140074
3142027
3142037
3143760
3145825
3148307
3149367
3149602
3151594
3151709
3151867
3152760
3153101
3154851
3155435
3157726
3158572
3159509
3160444
3162564
3162901
3163494
3165157
3165874
3167833
3167857
3169922
3171055
3171550
3172706
3172967
3174508
3180647
3180649
3181977
3182203
3186655
3190443
3191311
3192555
3193137
3193587
3197160
3197891
3198349
3198614
3198815
3198861
3200156
3202578
3203344
3204909
3205141
3206628
3207604
3207622
3207641
3210578
3213072
3214332
3214507
3214632
3215003
3215013
3215290
3216962
3220580
3222393
3223309
3225131
3226103
3226816
3228336
3228478
3228609
3228919
3234147
3236015
3236333
3236557
3238242
3238847
3239895
3241446
3241567
3242999
3243426
3244568
3245759
3247029
3247039
3248065
3248212
3250866
3250970
3251104
3252095
3252320
3252437
3253234
3253322
3254384
3256123
3259291
3259635
3261148
3261172
3264926
3266899
3266999
3269676
3270296
3273263
3273519
3275337
3275761
3277287
3277578
3278067
3279467
3287705
3289460
3291707
3293209
3296355
3298051
3298313
3298466
3299075
3299111
3300249
3301386
3301437
3302687
3303725
3303853
3304387
3304710
3304820
3304972
3306266
3306645
3306761
3307501
3311791
3314101
3319135
3319532
3321912
3322776
3323293
3323384
3324339
3325454
3326515
3326566
3328644
3330245
3331061
3333260
3334413
3335087
3335822
3335873
3336772
3336842
3337579
3338948
3339598
3340634
3342130
3342879
3344349
3345377
3347397
3354091
3354375
3354702
3355314
3357210
3358002
3359382
3362635
3363186
3363656
3363816
3366316
3369035
3369408
3373766
3374510
3374950
3376296
3376738
3379091
3379625
3383992
3384155
3385151
3385656
3386154
3386981
3387422
3388274
3388599
3388850
3389416
3392578
3394093
3395636
3395944
3399275
3399388
3400094
3400837
3401130
3403339
3404165
3405643
3407769
3407814
3409031
3409718
3410102
3410324
3411010
3411500
3411566
3411852
3412216
3413346
3414851
3415258
3416302
3417613
3417900
3419368
3421084
3421738
3422292
3425770
3426975
3427979
3430878
3434750
3435431
3435749
3436373
3437192
3437546
3437835
3438345
3440655
3441551
3442025
3444232
3444234
3444424
3448725
3449502
3449572
3452618
3453330
3454200
3456615
3456774
3457074
3461231
3462217
3462488
3462621
3463094
3466608
3467439
3467551
3470193
3473084
3474824
3475004
3476042
3476505
3482593
3483754
3485923
3487005
3488609
3489840
3490155
3491662
3494062
3494440
3494728
3495664
3496118
3496253
3497483
3500336
3500506
3505089
3505390
3505772
3506301
3507905
3508978
3509121
3509642
3510185
3513328
3514583
3516985
3518208
3519900
3520062
3521200
3521772
3523108
3523359
3523659
3523668
3524250
3524879
3526972
3527942
3530184
3533566
3535910
3539012
3540786
3541604
3542322
3543252
3546109
3546414
3547839
3548265
3548322
3548382
3548430
3548960
3549538
3554189
3555441
3557159
3557907
3560600
3561805
3561934
3562445
3563826
3567687
3567734
3568092
3569935
3571198
3571769
3573832
3574779
3575750
3576689
3578557
3578927
3579283
3581684
3581804
3582694
3586688
3588793
3590082
3592849
3593324
3598590
3600501
3601359
3604520
3605645
3606337
3608199
3609115
3609592
3610881
3612087
3614095
3614731
3616939
3617952
3620667
3621832
3624443
3624483
3624733
3625327
3626665
3628142
3632097
3633073
3634855
3635846
3636526
3636860
3639865
3641618
3642028
3643323
3644798
3646594
3648916
3649952
3650426
3651405
3654393
3655513
3655625
3657874
3658087
3658961
3659040
3659633
3661933
3662839
3662972
3663144
3668356
3670919
3671042
3673218
3674453
3675870
3676920
3677275
3678283
3679860
3679924
3680551
3681424
3681981
3685345
3685791
3688863
3689065
3689641
3694940
3695568
3698701
3698883
3700484
3702109
3703735
3707403
3707537
3713525
3713599
3714426
3716753
3718028
3718607
3718895
3719061
3719074
3722541
3725902
3728525
3729880
3730231
3731088
3731682
3732757
3734937
3735452
3735968
3737894
3737996
3739435
3742092
3743275
3743584
3744016
3747158
3747188
3748714
3753031
3754102
3755657
3757001
3757605
3758036
3760827
3763932
3765279
3765536
3765595
3769309
3777402
3777533
3780112
3780191
3780997
3783749
3785337
3786234
3787156
3789690
3789931
3791026
3791949
3792550
3795738
3796100
3799433
3800303
3801162
3804315
3806306
3806333
3807111
3807536
3809342
3812201
3812942
3815545
3816663
3817484
3819577
3820473
3820762
3820832
3823736
3824072
3827542
3827599
3829080
3829587
3830018
3830639
3830893
3831377
3831672
3832117
3832266
3832893
3835327
3838047
3839041
3841102
3841444
3841667
3841685
3842947
3843143
3843753
3844468
3845787
3847752
3849064
3849095
3851618
3852478
3853753
3854022
3854180
3855399
3856439
3856714
3856985
3859034
3859338
3859538
3860822
3862372
3862589
3863854
3865902
3866753
3866787
3868120
3869331
3871712
3872028
3872509
3872864
3872965
3873070
3874602
3875287
3877619
3878544
3879234
3880820
3881401
3883384
3883427
3884234
3884735
3886360
3887106
3888589
3891336
3891431
3893419
3893533
3898092
3898833
3900026
3900055
3900325
3900612
3901028
3902135
3902214
3903063
3903221
3904491
3905553
3906079
3906849
3906981
3907429
3908255
3909792
3910574
3910794
3914513
3915143
3917840
3917884
3918852
3919073
3920022
3920051
3921854
3922109
3922524
3926395
3926424
3929790
3929834
3930245
3930789
3931176
3933492
3934242
3936250
3937137
3937147
3939005
3940260
3941480
3942752
3943784
3944382
3945079
3945451
3946831
3947455
3949094
3949421
3949892
3949927
3950832
3952096
3952430
3952456
3952515
3953443
3953954
3955602
3955931
3959688
3961061
3961849
3963462
3964856
3967104
3967474
3967671
3967876
3968468
3969313
3969402
3971290
3972077
3972117
3972240
3975857
3976199
3978023
3979183
3981434
3982247
3984082
3984589
3985113
3987305
3988395
3989391
3989479
3991699
3991828
3992128
3992742
3994293
3994383
3995013
3995085
3999088
3999847
4001138
4001201
4002393
4003286
4004005
4004301
4006785
4006850
4007077
4007555
4007723
4009239
4009959
4010460
4011986
4012036
4012938
4013590
4014051
4014683
4014780
4016737
4017504
4017518
4018719
4020653
4021348
4021655
4023207
4023356
4023939
4026653
4027130
4027909
4028583
4029590
4029732
4030498
4031169
4031714
4032096
4032127
4032708
4032975
4033936
4034644
4037783
4039102
4039293
4040463
4042215
4042967
4046090
4048052
4048105
4048735
4050077
4050099
4050369
4050393
4050464
4050768
4051465
4051483
4051824
4052223
4052785
4053563
4053803
4053900
4054054
4055542
4055611
4056772
4057377
4057582
4057637
4058154
4058269
4058320
4058693
4059428
4060479
4061126
4063633
4064319
4064584
4065470
4065623
4066136
4066537
4066913
4067036
4067162
4067794
4068656
4069595
4070145
4070377
4071369
4072445
4072755
4073652
4074863
4076145
4076706
4076848
4076916
4077118
4077160
4078717
4079092
4079725
4079997
4080403
4080486
4080735
4081041
4081067
4081262
4082432
4083464
4083585
4083694
4084235
4084847
4087696
4088149
4088417
4088512
4089831
4091513
4091705
4093266
4094085
4094765
4094901
4095632
4095877
4096441
4096620
4097412
4098814
4099497
4100771
4100904
4101481
4101692
4102286
4103063
4104037
4105197
4105314
4105625
4105716
4106034
4106696
4106994
4109045
4109452
4109877
4110499
4111033
4112664
4113309
4113632
4114027
4114063
4114157
4114524
4114973
4115773
4116321
4116329
4116376
4116754
4118920
4119619
4119884
4120922
4121307
4122259
4122323
4123203
4123893
4124871
4125660
4126810
4127304
4127679
4128525
4128748
4129602
4130005
4130096
4130115
4131121
4131628
4132831
4133537
4133965
4134997
4135638
4135969
4136889
4139397
4139723
4141666
4142125
4142685
4143077
4143437
4143811
4144271
4144395
4144813
4145082
4145473
4145726
4146235
4146567
4146784
4147013
4147046
4147573
4147821
4147969
4148072
4148339
4148433
4149064
4149081
4149138
4150038
4150624
4151116
4151403
4158816
4160155
4186998
4197017
4201501
4214370
4218954
4227082
4232415
4238808
4274548
4285489
4309993
4333547
4338893
4338968
4352930
4367266
4392889
4394147
4403948
4414720
4428970
4437764
4438250
4455741
4470446
4514707
4544532
4544571
4566680
4569389
4589404
4598291
4601229
4610882
4622092
4650082
4657888
4688253
4689147
4695689
4698428
4719116
4719159
4720387
4727473
4731986
4732289
4734016
4735686
4746773
4751058
4756291
4760658
4804341
4804582
4806896
4816140
4827479
4833738
4840928
4842862
4850053
4862876
4874036
4883001
4886780
4887050
4887709
4889494
4891651
4892168
4894954
4896930
4900935
4904583
4906019
4907729
4907873
4908467
4908907
4910817
4910955
4911914
4912474
4912559
4915506
4916274
4916956
4923058
4923596
4924114
4935839
4937322
4940725
4942079
4943772
4944254
4945312
4946975
4947744
4949315
4950238
4950707
4951431
4951852
4953734
4956950
4962105
4964808
4965058
4967035
4970855
4973412
4975022
4976137
4976638
4978314
4981026
4983436
4985510
4987244
4990847
4995412
4998697
5003752
5004810
5005866
5009517
5009868
5011000
5011634
5012100
