7907535
1970
3352
23490
36137
48076
50748
50947
52781
61133
63520
66339
79554
83277
89951
95607
96721
106332
113006
125962
127248
131808
141919
156421
161477
165723
169469
180315
180746
186749
199298
207001
224873
235329
235531
236452
240749
245302
249450
250576
254378
255451
261642
270433
276853
282529
293517
327418
344892
345550
355056
357638
363833
365149
372537
381883
385144
398010
398325
409771
424320
426614
437870
457050
490403
496324
512403
524337
525247
552723
557306
558735
571784
582997
585298
599023
602216
608595
609078
611926
612009
615351
616624
622161
623835
628595
636805
638336
640781
655999
657230
658467
665041
665106
669858
679671
681372
686292
686334
686720
700496
703062
719704
722493
726780
816224
822252
823172
825473
862351
879166
888035
903574
903737
904812
909151
910916
912854
918249
933866
939971
947833
951287
953040
954714
959175
962529
962762
978552
978596
989412
991430
994522
1003737
1008479
1011399
1021604
1023832
1024024
1031392
1036528
1044815
1063616
1068638
1077800
1096751
1097866
1099515
1113600
1122082
1161357
1177025
1183890
1184486
1187839
1190589
1209353
1209936
1216268
1222348
1222866
1230669
1233933
1234643
1237932
1241884
1249113
1250314
1251183
1251611
1252541
1261969
1263885
1272242
1273776
1291459
1312930
1321541
1330119
1357362
1379444
1391911
1400392
1406431
1406490
1408242
1416911
1445162
1472337
1473711
1485767
1508910
1528705
1530309
1575679
1575967
1576749
1583734
1584898
1592147
1598304
1609061
1612643
1626088
1630647
1644317
1646183
1648057
1648416
1652715
1662348
1663921
1668713
1675482
1685324
1685985
1687497
1692078
1694245
1696102
1713285
1733334
1734966
1753799
1762218
1763108
1763268
1831422
1875633
1879398
1934783
1940624
1973350
1974531
1981483
1982933
1983795
1984550
1991852
1997753
1998134
2003472
2017426
2017948
2022578
2039208
2040206
2044693
2048882
2051509
2051835
2055565
2060735
2072659
2073546
2076974
2081613
2088968
2093265
2094051
2101162
2102409
2105835
2110451
2124661
2125754
2173312
2192166
2200539
2211844
2235407
2240097
2250768
2260376
2267836
2285627
2296068
2303889
2319878
2320820
2357138
2379021
2382644
2413551
2414805
2453134
2455724
2456889
2466257
2468266
2479394
2481720
2484739
2498458
2513314
2529518
2530694
2542488
2548340
2549864
2558682
2563514
2566188
2574129
2596466
2598611
2599130
2614010
2617076
2638155
2644694
2645440
2676446
2704426
2706249
2712094
2733940
2738333
2758276
2769305
2782250
2794508
2796926
2800293
2802977
2803664
2811323
2813218
2819585
2846243
2853321
2870562
2876527
2882527
2910731
2997751
3055063
3072875
3080948
3082276
3092775
3093749
3100625
3110543
3113263
3126925
3127907
3136783
3139803
3140664
3150853
3153509
3201878
3223673
3238202
3268307
3286614
3308823
3309216
3326191
3346947
3373463
3403511
3421495
3437219
3484553
3499396
3502889
3504477
3550594
3572898
3652049
3707194
3756858
3766096
3767346
3768396
3776199
3795122
3806655
3822975
3836182
3838772
3845155
3856573
3864536
3873581
3879758
3880532
3885340
3897001
3902592
3903185
3904392
3906127
3907591
3915693
3961493
3969256
3975420
3976797
3995192
3995447
4002946
4005810
4007445
4013576
4016185
4016872
4023031
4032012
4033181
4036969
4038298
4047601
4048330
4048715
4057525
4059378
4065292
4082442
4092277
4100574
4104106
4107729
4108913
4118962
4119384
4119864
4134681
4142626
4143503
4147521
4150744
4341203
4891479
4902114
4921674
4924409
