7904669
7904816
7906590
7907016
7907034
7907462
7910147
7910366
7911306
7913279
7913299
98
233
1018
1327
1540
2113
2401
2670
2860
2866
2867
3117
4600
5036
5158
5406
5429
5524
5626
5645
5871
5993
6433
7095
7838
8029
8346
8442
9321
9330
9722
9836
9872
10579
11021
11786
12291
12317
12417
12529
12738
13318
14323
14706
15195
16898
17732
18344
18562
18714
18787
18792
18822
19026
19055
19608
19884
20005
20027
20556
20563
20766
20907
21200
21530
21561
21996
22275
22611
22641
23265
23309
23343
23530
23705
23730
23747
23898
24073
24646
25070
25184
25205
25221
25378
25458
25512
25552
25935
26043
26332
26531
27072
27945
28985
29529
29735
29973
30279
30481
30691
30830
31440
32184
32374
32817
33332
33348
33422
33734
34544
34752
35034
36047
36155
36251
36457
36689
37675
37689
37750
37908
37929
38378
38814
40212
40824
41060
41439
41510
41684
42386
42433
42444
42641
42942
43476
43590
43734
44039
44321
44617
45027
45415
45600
46915
47265
47417
48090
49023
49159
49310
49422
50026
50411
50504
50598
50730
51068
51217
51380
51476
51852
51944
51980
52357
52721
52766
53132
53980
54008
54088
54554
54911
54929
55571
56217
56423
56713
57107
57317
57324
57383
57676
57957
58172
58697
59017
60918
61001
61062
61646
62907
63007
63307
63308
63404
63621
64539
64577
65639
65869
65961
66246
66260
66311
66533
66552
67239
67746
68390
68411
68557
68572
68830
68983
69008
69026
69061
69091
69726
69766
69839
70308
70861
71013
71115
71209
71555
72173
72452
72465
72571
72837
72931
72937
73692
74173
74302
74740
75080
75249
75857
75987
76399
76601
77219
77441
77601
77637
77779
78206
78297
78621
78713
79006
79235
79585
79609
79963
80014
80524
80641
81005
81061
81140
81687
81702
82001
82447
82552
82616
82824
82957
83042
83188
83252
83360
83436
83896
84783
84807
85167
85410
85633
85979
86231
86582
87638
87740
87776
87864
88077
88302
88587
88738
88853
89008
89200
89487
90659
90959
90973
91361
91514
91794
92171
92301
92315
92356
92483
92997
93235
93960
94330
94538
95334
96099
96715
97530
97612
97938
98810
98865
99273
99669
100177
100286
100512
100520
100539
100552
100801
100976
101129
101718
101818
101965
102187
102903
103271
103425
103455
103646
103913
103979
104193
104392
104794
104822
104962
106325
106501
106560
106565
106691
106772
106913
107310
107313
107687
108155
109511
109616
110177
110814
111226
111332
111438
111608
111809
111817
112041
112497
113067
113426
113572
113577
114012
114109
114191
114346
114499
114502
114724
114767
114880
114967
115016
116248
116597
117163
117411
117460
118205
118379
118492
118616
118629
118665
118721
120082
120817
121008
121143
122562
122682
122980
123137
123189
123277
123356
124689
124984
125164
125207
125388
125471
125518
126066
126217
126424
127330
127549
127788
127950
128178
128384
128604
128761
128895
129274
129550
129563
129859
129886
130405
130456
130457
130976
130980
131196
131280
131569
132269
132494
133021
133125
133277
133537
133669
133735
134148
134377
134883
134930
135017
135101
135413
135607
135718
135974
136787
136829
137090
137126
137822
138158
138174
138442
138860
138949
139265
139444
139750
140339
140509
140558
140905
141146
141616
141827
141918
142088
142102
142217
142626
142808
142916
143320
144096
144426
145336
145484
146771
146776
147204
147308
147993
148829
149455
149484
149625
149953
150008
150782
151085
151150
151329
151452
151724
152007
152804
153210
153691
154240
154319
154943
154992
155630
155780
156113
156456
157435
158486
158833
158909
159067
159479
159606
160498
160576
162009
162248
162282
162918
162959
163272
163351
163829
164038
164163
164724
164998
165593
165712
165775
165975
166800
166889
167093
167160
167239
167566
167769
167784
168708
169073
169517
169554
169594
169774
170184
170335
170656
170802
170983
171175
172708
172795
172972
173179
174258
174513
174561
174564
174794
174863
175411
175479
175731
175786
176421
176560
176652
176903
177139
177186
177575
177734
178006
178406
178510
178598
178667
178984
178987
179145
179173
179460
179533
179815
179963
180529
180566
181197
181404
182250
182602
182788
182851
183043
183566
183852
184597
184691
185254
185555
185674
186330
186457
187592
187596
187789
187803
188070
188228
188317
188375
188543
188702
188869
189045
189445
189651
189731
189743
189831
190417
190682
191564
191596
191912
193517
193754
193801
194091
194459
194483
194621
194722
194871
195006
195071
195858
196828
196857
197071
197109
197375
197999
198014
198413
198446
198523
198665
199216
199429
200193
200343
201270
201275
201523
201621
201753
201826
201924
202873
202909
203074
203408
203747
203900
203908
204838
204960
205036
205295
205409
205465
205556
205872
205876
206017
206096
206300
206979
207340
207658
208000
208035
208089
208238
208464
208510
209002
209043
209339
209639
209865
210004
210415
210547
210883
210909
211494
211738
211872
211907
211995
212178
212201
212280
212346
212428
212504
212578
212962
212999
213538
213820
214025
214039
214484
215913
215926
216039
216183
216689
216876
217302
217427
219206
219249
219418
219531
219647
220111
220231
220273
220391
220639
220654
220661
220933
221006
221975
222099
222220
223278
223324
223561
223660
223763
223800
224793
224886
225080
225538
225566
226040
226283
226352
227097
227135
227300
227585
227805
228272
228429
228890
228960
229105
229222
229421
229688
230106
230254
230288
231017
231214
231789
231834
232883
233288
234198
234371
235230
235286
236156
236881
237094
237546
237710
238091
239131
240298
240447
240598
240884
241121
241500
241503
241548
241558
241607
241969
241971
242312
242549
243433
243559
243620
243708
244689
244987
245000
245192
245637
245870
246074
246606
246651
246849
247946
248292
248403
249076
249227
249613
249775
249808
249833
250482
250750
251135
251771
251963
252338
252439
252649
253302
253364
253378
253811
253839
253966
254022
254227
254251
254351
255755
255925
256156
256205
256609
256858
256926
257025
257304
257732
257820
257870
258494
258685
258746
259415
259790
259966
260132
260322
260385
260700
260929
261044
261215
261663
261726
261842
262185
263095
263596
263866
264710
265248
265324
266265
266405
267090
268318
268657
269316
269434
269884
269952
270087
270489
270739
270745
270768
270862
271058
271228
271311
271835
271878
272173
272264
272348
272570
272610
272768
272893
273239
273300
273459
273510
273823
274273
274603
274684
274894
275056
275111
275172
275535
275907
276258
277125
278360
278734
278811
279122
279169
279475
279523
279653
279753
279971
281027
281099
281956
282281
282491
283110
283318
284751
284755
284850
284979
285216
285286
285764
286499
286537
287215
287365
287980
288213
288723
289261
289264
289693
289729
290630
290947
291004
291065
291498
291788
292482
292939
293391
293437
293576
295121
295198
295305
296243
296875
297003
297119
297468
297623
297790
298167
298430
298747
298945
300092
300504
300723
300826
301231
301300
301629
302142
302703
303144
304169
306157
307113
307550
307746
308048
308670
308772
308850
309181
309552
309958
310117
310132
310383
310510
311065
311327
311409
311417
311704
311946
311955
312584
313012
313252
313478
313705
313810
314175
314358
314443
314534
314676
314829
315065
315892
315981
317245
317251
317310
317553
317716
318131
319057
319377
320427
320428
320440
320730
320793
321158
321591
322151
323126
325449
326671
326791
326969
328900
329232
329234
329363
329446
329914
330159
330898
331270
331507
331554
331661
331775
331873
331978
332057
332242
332956
333123
333750
334624
334953
334999
335374
335889
335939
336120
336297
336574
336878
337284
337327
337449
337479
337523
337588
338494
338733
338794
338888
339517
340886
340931
341347
341525
341810
341900
342638
343752
344190
344767
344962
345581
346070
346471
347307
347769
347815
348038
349045
349264
349402
350195
351515
351822
352109
352174
352315
352330
353348
353710
354287
354705
355181
355336
355594
355610
355768
357085
357125
358081
358199
358395
358462
358506
358873
359174
359536
359686
359691
359774
360417
360467
360487
360792
361120
361500
361548
361563
362315
362377
362495
362609
362683
362916
363917
364543
364633
364825
365091
365604
366519
366588
366642
367098
367514
367724
367841
368466
368570
368580
369079
370970
371312
371686
372246
372907
373701
373713
373723
374371
374406
374452
374602
374683
374773
375067
375911
376013
376230
377268
377310
378381
378401
379060
379387
380171
380218
380279
380897
381438
381661
381867
381888
382222
382355
382584
383001
383194
383248
383287
384618
384787
384874
384886
385280
385379
385430
385469
385558
385949
385961
386550
386923
387410
387824
387896
388243
388251
388469
388504
388961
388990
389058
389355
390561
390784
390880
391615
392010
392158
392320
392875
393011
393489
394086
394332
394803
395439
395798
396102
396622
396674
396738
397192
397724
398599
398673
399339
399444
399609
399946
401033
401572
401585
401852
401955
402814
402977
403122
403639
404398
404473
404607
405196
406594
406597
406658
406863
406889
407090
407510
407824
408346
408591
408706
408726
409055
409308
409574
410000
410224
411210
411219
411887
411899
412290
415004
415121
416703
417391
417694
418096
418100
418269
418783
418788
419768
419871
420130
420389
420636
420758
420915
421551
422700
423742
423931
424447
424549
424690
425407
425818
426782
427721
427997
428045
428123
428940
429010
429011
430286
430619
430938
431123
431931
432265
432903
432912
432960
433885
434011
434387
434469
434615
435346
435498
435681
436813
436839
436847
437185
438182
438359
438976
439591
440138
440716
441341
441354
441743
442511
443096
443735
444245
444278
444821
445222
445408
445762
445864
446361
446535
447083
448073
448900
449119
449601
449748
449976
449978
450276
451247
451762
452144
452739
453036
453295
453921
454445
454461
454588
454704
455128
455409
455788
456257
456866
457182
457478
458008
458421
458928
459132
459716
459795
460148
460882
460951
461859
462111
462314
463590
463681
464036
464544
464750
464850
464857
464938
466287
466404
466781
466939
467278
467652
468169
469233
470051
470076
470334
470790
470950
471034
471414
472017
472252
473666
474266
474892
475258
475542
475835
476052
476087
476648
476714
476726
476838
476978
477242
478106
479760
480663
481360
481400
482070
482425
482717
482825
482926
483135
483439
484484
485330
486502
486780
487877
488716
488781
489049
489544
489777
490165
490256
491091
491654
491810
491841
492198
492383
493122
493791
494051
495273
495515
495806
496798
497803
497828
497853
498263
498584
498969
499726
500057
501271
501616
501696
501832
502161
502252
502259
502272
502879
503162
503458
503487
503539
504069
504279
504502
504733
505122
505542
505752
505879
506309
506415
506498
506609
507766
507986
508176
508247
508887
509869
510022
510240
510573
510689
512275
512363
512598
512947
513289
513714
514067
514121
515348
515953
516082
517770
518497
518691
518803
519456
519590
520183
520304
520774
521037
521441
522129
522501
522560
522784
522996
523147
523779
524243
524494
524585
524979
525254
526053
526684
526730
526962
527078
528402
529573
530072
530434
530692
530843
530872
530959
530989
531546
531714
531761
532498
532629
532980
532997
533642
533929
533993
534377
534468
535866
536063
536693
536729
537233
537470
538192
539296
539764
540016
540288
541144
541411
541974
542071
542273
542558
542879
543358
544382
544670
545099
546621
547848
548075
548318
549070
549074
549544
550078
550985
551040
551374
551447
551634
551722
552880
552929
552952
553283
553479
554164
554864
555250
556180
556217
556264
556428
557340
557794
558076
558985
559198
560044
560048
560119
560209
560327
561074
561105
561397
561635
562018
562275
562665
563138
563450
564056
564285
564342
564361
564755
564802
565648
565660
565737
566021
566314
567213
567217
567244
568312
569170
570056
570173
570217
570234
570913
570980
571901
572049
572808
573609
573845
573933
574019
574056
574091
574891
574939
575035
575783
575921
575962
576116
576204
576260
576340
576905
577633
577694
577742
577969
579653
579851
580686
580711
581333
581776
582376
582396
582730
582864
582976
583026
583395
583638
583658
583821
584113
584286
584397
584531
584709
585131
585159
585282
585771
585775
585953
586271
586309
586347
586486
586590
586612
586858
587178
587559
588187
588275
588740
589398
589519
589561
589823
590071
590210
590263
590342
590344
590456
590822
591428
591638
591678
591875
592076
592305
592410
592722
592810
592953
592970
593176
593181
593850
593903
593904
593961
594032
595830
595996
596019
596199
596486
596509
596776
596803
597263
597845
598180
598366
598860
599068
599087
599365
599672
600120
600128
600509
601371
601684
601808
601860
602555
603132
603331
603649
604284
604678
604716
605275
605918
606369
606377
606596
606744
606771
607110
607577
607738
608163
608351
608373
608830
609314
610203
610338
610685
611102
611190
611567
611808
611852
612033
613012
613030
613611
613683
613850
614501
614682
615687
615991
616716
617346
617520
617993
618607
619366
620276
620871
621082
621482
621648
621682
621702
622018
622019
622729
624029
624097
624210
624563
624781
625009
625766
625971
626688
626732
627714
628281
628296
628790
630345
630447
630640
631205
631765
631921
632275
632288
632548
632653
632769
632787
632856
633192
633427
633594
633875
633893
634841
635170
635261
635275
635341
635353
635558
636084
636085
636686
636881
637438
637481
637787
637953
638116
638201
638886
639887
639963
640042
640084
640142
640172
640243
640336
640460
640637
641401
641613
641691
641869
642156
642465
642650
642792
642935
643516
643558
644099
644509
644952
645256
645377
645789
645914
646624
647108
647494
647556
647637
647936
648276
648415
650512
650643
650877
651264
652057
652159
652299
652373
652457
652575
652737
652840
652962
653014
653478
653726
654394
654448
654638
655061
655110
655873
655926
655939
656015
656728
656902
657215
657324
658403
658465
658952
659292
660041
660289
661120
661369
661700
662480
662618
662626
662682
662692
663310
663489
663695
663824
663869
663872
664026
664150
664388
664801
665203
665834
666074
666558
666954
667484
667793
667824
667927
668184
668799
668811
668970
669260
669451
669830
669938
670674
671198
671803
672640
672676
672713
672906
673027
673258
673269
673279
673407
673452
673689
674000
674281
674379
675083
675107
678389
678532
678561
678644
679757
680124
680243
680295
680617
680826
680844
682461
682946
682949
683022
683291
683355
683566
683604
683944
684446
685019
685723
688647
688810
689005
689841
689882
690066
690531
690794
692444
692471
692539
692927
693147
693194
693840
694085
695031
695102
695441
695858
695980
696089
696122
696135
696226
696538
696910
697531
697882
698065
698442
698463
699064
699131
699357
699507
699657
699704
699737
699872
700329
700492
700730
700902
701924
702715
702756
702904
703137
703219
703497
703608
704093
704499
704808
705370
705637
705654
705845
706197
706622
708071
708129
708868
708922
709142
709298
709433
709686
709934
710131
710438
710603
710673
711662
711695
711946
712880
713948
715780
716370
716517
717061
717147
717333
717365
717527
717633
717788
718066
719400
719519
719653
720083
720595
721159
722690
723885
725688
725893
726248
727402
728482
728532
728791
729042
729596
730447
730688
730698
731856
732218
732554
732575
733842
734665
734825
734864
734962
735772
735787
736474
737282
737849
738072
738396
738865
739344
739590
740054
740089
740293
741025
741490
741547
741587
742636
742690
743314
744044
744173
744260
746075
746373
746812
747864
748274
748528
749624
750320
750620
751581
752011
752037
752104
752345
753016
753515
754977
755535
755706
756245
756796
758974
759446
759593
761296
761418
761653
762267
762763
763578
763718
764028
764222
764382
764434
764777
765614
765999
766873
767516
768080
768301
768790
769331
769570
769824
770112
770179
770238
771652
771696
772182
773761
774573
775182
776901
777116
777681
777775
777833
779102
779269
779523
779526
779703
779772
780463
781539
781927
782992
783207
784129
784168
784217
787283
787345
787768
787933
788185
788584
788848
790825
791061
791067
791160
791216
791545
791893
792184
792493
793087
793870
795361
796094
796297
796372
797494
797588
797738
797929
798008
798837
799198
799254
799444
799813
800329
804185
804819
806065
806187
806589
806742
807190
808252
810099
810823
810833
811347
811585
811801
812223
812353
812983
813145
814330
815561
816259
817011
817161
817437
817458
817716
817803
818810
819801
820095
820129
820378
821576
822206
822467
823049
823191
823689
824368
824650
824699
825521
827158
828114
828496
828626
829072
829605
829863
830336
830366
830399
832492
834265
834537
834886
835510
835559
835914
836258
836946
836980
838147
838484
839790
840868
841122
841705
842099
842468
842815
842923
844380
844469
845923
845978
846404
846789
846898
847048
847630
847861
848116
849211
849810
849957
850768
850873
850962
851433
851644
854815
855299
855790
855926
856974
857735
858905
859318
860103
860454
861006
861420
861480
861520
862088
862674
863695
863901
864221
864318
865621
866086
866723
867112
867311
868129
868641
868725
869839
869885
869991
870004
870067
870082
870547
870582
871137
871620
871748
872060
872282
872443
874169
874277
874613
875841
875917
876448
876523
876790
876885
877946
878066
878836
878936
879072
879209
879231
879515
879781
880111
881055
881826
881989
882604
882667
882846
883047
883322
883378
883480
883991
884237
884522
884578
884949
885463
885634
885637
885742
885751
886361
886368
886740
886745
886938
886990
887096
887129
887504
888348
888645
888693
888714
888984
889244
890126
890145
890696
890708
890969
891067
891556
891740
891838
892102
892157
892570
892598
892734
892926
892981
893315
893372
893991
894015
894192
895246
895364
895379
896604
896947
897065
897228
897347
897883
898297
898525
898648
898939
899132
899200
899959
900019
900695
901292
901614
901791
902994
903870
904266
904424
904508
904752
904932
905007
905192
905238
905376
905587
905620
905667
905849
906048
906100
906427
906453
906493
906730
907103
907118
907546
907569
907822
907880
908716
909978
910003
910070
910731
911451
911989
912291
912382
912477
912480
912793
913816
914011
914148
914573
914591
914667
914741
915074
915678
915845
915895
915963
916417
916523
916668
917189
918033
918076
918809
918854
919535
920379
921028
921590
921817
921970
923372
923780
923990
924329
924524
924698
925059
925230
925268
925368
926110
926147
926398
926914
927003
927689
928078
928240
928588
928926
928950
929150
929409
929605
929684
929838
930458
930473
930527
930557
931033
931401
932097
932168
932291
932816
933500
934069
934916
935556
935761
935919
936612
936860
937426
938458
938537
939349
939528
939757
939838
940236
940239
940518
940681
940861
941474
941573
941771
942177
942249
942750
943177
943524
943557
943674
943689
944716
945934
945964
946554
946999
947097
947102
947161
947808
947827
947843
948356
948493
948839
949025
949419
949524
949917
950569
951211
952019
952246
952559
953177
953478
953908
954433
954476
954813
955123
955281
955685
956402
956425
956553
956833
957561
957644
957791
958052
958168
958434
958481
958792
959548
960085
960290
960295
960443
960450
961511
961620
961831
962398
962472
962631
963259
963412
963586
963633
964171
964275
964853
965166
965172
965440
966592
966612
967224
967348
967534
967628
967908
967925
968091
968618
968658
968900
969146
969628
971282
971318
971324
971834
971909
972497
972719
972830
973054
973208
973342
974111
974168
974440
974753
975052
975069
975340
975563
976023
976516
976646
976836
977069
977623
977684
977705
978266
978362
978735
978987
979353
979361
979378
979641
980008
980072
980082
980759
980799
980813
980840
981110
981643
981793
981804
981815
983007
983065
983136
983145
983278
983752
984549
985053
985163
985457
986181
986343
986600
986611
987735
987959
989963
990051
990319
990451
990622
991208
991367
991401
991621
991947
992117
992186
992384
992388
992718
992719
993242
994235
994888
995191
995609
995899
996203
996795
996911
997516
997804
998022
998340
998548
998906
998917
998945
999131
999464
999508
1000743
1000837
1001265
1001793
1002076
1002162
1002453
1003180
1003235
1003323
1003447
1003674
1003694
1003721
1004088
1004203
1004332
1004621
1005316
1005458
1005945
1006052
1006209
1006465
1006508
1006615
1006627
1006712
1007091
1007548
1007681
1008247
1008471
1008531
1008737
1008739
1009363
1009473
1009853
1010231
1010581
1010882
1011129
1011389
1011484
1012129
1012310
1012973
1013289
1013675
1013828
1013899
1014099
1014119
1014219
1015182
1016406
1016763
1017249
1017284
1017734
1018210
1018214
1018326
1018370
1018542
1018721
1019778
1020198
1021519
1022962
1023080
1023914
1025069
1025590
1025740
1027365
1027475
1027617
1027703
1027921
1028255
1028306
1029142
1029400
1030313
1032361
1032372
1032378
1032950
1034770
1034795
1034817
1036343
1037979
1038570
1039144
1040351
1040530
1042657
1043615
1043692
1045019
1045060
1045090
1045155
1045366
1047344
1047897
1048049
1048564
1048924
1049454
1049523
1050365
1051287
1052057
1052147
1052697
1053466
1054076
1054283
1055774
1056833
1056933
1057980
1058042
1058096
1058213
1058483
1058597
1059296
1059724
1060178
1060596
1060872
1061583
1062088
1062985
1066256
1066321
1067145
1067427
1067925
1067980
1068102
1068376
1068857
1069404
1069549
1070129
1070734
1071615
1072267
1072282
1073116
1073497
1075717
1077314
1078119
1078276
1078614
1079611
1079687
1080079
1080131
1080738
1081361
1081414
1082200
1082517
1083022
1083646
1083654
1084509
1084972
1085498
1086512
1086858
1087654
1088473
1088481
1089406
1089624
1089811
1090281
1091003
1091047
1092597
1093570
1093653
1094710
1094741
1095049
1096006
1096585
1097300
1097304
1098291
1098706
1098927
1099265
1099738
1100056
1100092
1100749
1100808
1101439
1101464
1103155
1103175
1103288
1104682
1104883
1105252
1105293
1105414
1105980
1106051
1107164
1108870
1109656
1110640
1110813
1111070
1111546
1111547
1112652
1112738
1112926
1114867
1115475
1115516
1116816
1116910
1117338
1117476
1118390
1120467
1121117
1122964
1124174
1124333
1124595
1124730
1125199
1125238
1125521
1126917
1127145
1127185
1128290
1128581
1128779
1129022
1129315
1129483
1129529
1129597
1129729
1130079
1130301
1130621
1131296
1131307
1131341
1131498
1131793
1131910
1131945
1131957
1133126
1134401
1135335
1135954
1136070
1136137
1137239
1137584
1138424
1139011
1139923
1140411
1141012
1143478
1144054
1144174
1144280
1145121
1145779
1145822
1145910
1146314
1148436
1149321
1149988
1150291
1150465
1150548
1150884
1151331
1151986
1152287
1153545
1153833
1154064
1154443
1155304
1155444
1155541
1155630
1155753
1156085
1156493
1156894
1157897
1158000
1158080
1158184
1158252
1158820
1159048
1160076
1160167
1161340
1164094
1164229
1164598
1164940
1165070
1165315
1165496
1166008
1166071
1167105
1167452
1167543
1170545
1170797
1171382
1173182
1173787
1176345
1176898
1177097
1177993
1179299
1181446
1181462
1182939
1184554
1184748
1184877
1184903
1185057
1185620
1185848
1186448
1187107
1187123
1187326
1187413
1187800
1187970
1188453
1189298
1189561
1189905
1190383
1191051
1192384
1192611
1193100
1193656
1194125
1194299
1195822
1196147
1196818
1196856
1197435
1197442
1197768
1198724
1198884
1199293
1199335
1199446
1199742
1201062
1201161
1201231
1201577
1202145
1202285
1202836
1203104
1204019
1204427
1205841
1206136
1206287
1206327
1206525
1206700
1207736
1208393
1208577
1209277
1209433
1209786
1209823
1210960
1211004
1211568
1211728
1211878
1212081
1212478
1212847
1212949
1213185
1213511
1213557
1213633
1214175
1214176
1214693
1214819
1214980
1215061
1215268
1215348
1215824
1216229
1216320
1216440
1216470
1216563
1216657
1217310
1217344
1217514
1217710
1217890
1218434
1219205
1219210
1219469
1219689
1219937
1220413
1221577
1222002
1222838
1223226
1223232
1223719
1224122
1224717
1224861
1224863
1224953
1225091
1225109
1225269
1225330
1225483
1225760
1227022
1227334
1227787
1228276
1228453
1228930
1229339
1229419
1229520
1230707
1231224
1231865
1231869
1231872
1231935
1232224
1232611
1232704
1233254
1234603
1234832
1235048
1235176
1235200
1235273
1236011
1236037
1236373
1236889
1236942
1237391
1237609
1237964
1238548
1239123
1239148
1239434
1239582
1239800
1239892
1240305
1241020
1241177
1241379
1241435
1242012
1242249
1242371
1242730
1242875
1243035
1243220
1243385
1243626
1243856
1243914
1244272
1244405
1245419
1245542
1245643
1245739
1246069
1246618
1247349
1247841
1248268
1248792
1249007
1249293
1249448
1249695
1250023
1250166
1250374
1250783
1251024
1252324
1252474
1252574
1252652
1253059
1253717
1254012
1254126
1254255
1255257
1255781
1256255
1256989
1256991
1257695
1257836
1257843
1258069
1258081
1258266
1259376
1260009
1260039
1260339
1260679
1260739
1261059
1261091
1261571
1261903
1261957
1262003
1262269
1262284
1262362
1262531
1262562
1262879
1263667
1264175
1264474
1264788
1265148
1265168
1265183
1265613
1266139
1266226
1266531
1266724
1266780
1266885
1267969
1268611
1269030
1269254
1269602
1269621
1269806
1271209
1271538
1271754
1271802
1272012
1272014
1272156
1272612
1272637
1272663
1272684
1272692
1272967
1273037
1273223
1273814
1274578
1275692
1276223
1276604
1276753
1276984
1277127
1278140
1278515
1279445
1279991
1280333
1280361
1280423
1281672
1283004
1283303
1284120
1284837
1285114
1285416
1285638
1286965
1287421
1287859
1288766
1288972
1289191
1289546
1289640
1289965
1290222
1290364
1290809
1291047
1291108
1291287
1291596
1291892
1292491
1292837
1292959
1293269
1293496
1293979
1294004
1294279
1294588
1294776
1294799
1295475
1295530
1295574
1296103
1296442
1296448
1296844
1298154
1298222
1298399
1298520
1299294
1299660
1299782
1300288
1300533
1300734
1300819
1301714
1301929
1302263
1302833
1302891
1303290
1303500
1303873
1304411
1304417
1304512
1304963
1305559
1305938
1306333
1307128
1307711
1308057
1308348
1309146
1309263
1309342
1309414
1309939
1310034
1310302
1311260
1311685
1311699
1313082
1313156
1313197
1313319
1313712
1314106
1314762
1315273
1315542
1315883
1315927
1316563
1316838
1317105
1317470
1318567
1318696
1318877
1319336
1319919
1319982
1320893
1321253
1321781
1321910
1322792
1323338
1323646
1324072
1324720
1325770
1326260
1326430
1326465
1326544
1326996
1327546
1327599
1327664
1328152
1328464
1328798
1329075
1329214
1329339
1329550
1329685
1330543
1330612
1330713
1330836
1331112
1331131
1331552
1331742
1332132
1332516
1332555
1333444
1334021
1334669
1334860
1335263
1336310
1336320
1336333
1336445
1336543
1336656
1336910
1337502
1337856
1337949
1337980
1338319
1339098
1339813
1340034
1340556
1340569
1340669
1340680
1340738
1342314
1342320
1343422
1344858
1344908
1345328
1345890
1346500
1346593
1346747
1347186
1347495
1348053
1348102
1348184
1348355
1348545
1348929
1349072
1349091
1350913
1350976
1352233
1352443
1352919
1354098
1354743
1355693
1355861
1356951
1357075
1357944
1357992
1358442
1358530
1358997
1359185
1359734
1360477
1360484
1360621
1360766
1360785
1360824
1360846
1361524
1361974
1362530
1362642
1362723
1363292
1363394
1364779
1366592
1369732
1369808
1370203
1370819
1371519
1372416
1372639
1373125
1373548
1373566
1373896
1374837
1375148
1375550
1375615
1375789
1375979
1377246
1377821
1378803
1379531
1379590
1380875
1381084
1384263
1384713
1385230
1385535
1386958
1387164
1388843
1390329
1390635
1390934
1391545
1391551
1393559
1393824
1394828
1395547
1395761
1396264
1397265
1397281
1398717
1399090
1399435
1399954
1400578
1401716
1401923
1402018
1402057
1403402
1404594
1404855
1405217
1408610
1412379
1412561
1413435
1413915
1413956
1415760
1416207
1416668
1417014
1417132
1418028
1418559
1421201
1421510
1421873
1423616
1425020
1426307
1426461
1427724
1428183
1428755
1429075
1429429
1430191
1430456
1430989
1431105
1431112
1431329
1432619
1432880
1433320
1433595
1434653
1436287
1436328
1436926
1437582
1438572
1439124
1440408
1440844
1441632
1441658
1441903
1443923
1444751
1446058
1446202
1446486
1446824
1446978
1448759
1449410
1450029
1450505
1451221
1451549
1452732
1454039
1454328
1454331
1454863
1454982
1455401
1455677
1455719
1455776
1457451
1457777
1458154
1459444
1459599
1460463
1460600
1460764
1461252
1464974
1465040
1465094
1465353
1466032
1466227
1467853
1468376
1469331
1470210
1471272
1472488
1472737
1473092
1473349
1473370
1474375
1475761
1475888
1477260
1477285
1477641
1477774
1477837
1477940
1478156
1478939
1479316
1481181
1485992
1486324
1486782
1486889
1487261
1487939
1489173
1489869
1490288
1491652
1491829
1491872
1492047
1492369
1492391
1492511
1493081
1493739
1493749
1494050
1494100
1494588
1495421
1496040
1497787
1498578
1499684
1500198
1500300
1500333
1502015
1502581
1503352
1504559
1504775
1505318
1505584
1506576
1507215
1508088
1508126
1508380
1509003
1510712
1510758
1510810
1510845
1511829
1512878
1513354
1513482
1513502
1513625
1513653
1513821
1514287
1514334
1516038
1516124
1516218
1516454
1516477
1516569
1517439
1517853
1519069
1519972
1521703
1521865
1522509
1524470
1525923
1525973
1526674
1526872
1527057
1527392
1527509
1528236
1529709
1532005
1532539
1533309
1533322
1533531
1534500
1535280
1537355
1538127
1538167
1538239
1539912
1540568
1540591
1540880
1541046
1541416
1541621
1541740
1542280
1543061
1544515
1544554
1544567
1544710
1545011
1546484
1548054
1548315
1549143
1549724
1549930
1550161
1551602
1551859
1552084
1554200
1555374
1555402
1555404
1555455
1556351
1556975
1557002
1558974
1559729
1561111
1561503
1561515
1561676
1562219
1562710
1563914
1565507
1565517
1565638
1566040
1566393
1566982
1568038
1568160
1568428
1568519
1568873
1569486
1570631
1570855
1571694
1572145
1572529
1573235
1573383
1573506
1573900
1574185
1574632
1574787
1574863
1574974
1574986
1575383
1575840
1576517
1576610
1576834
1576930
1577071
1577094
1578629
1578861
1579185
1579652
1579964
1581396
1581502
1581620
1581887
1582723
1582753
1582978
1583962
1584688
1584703
1584721
1585515
1585562
1585743
1585757
1585832
1586114
1586619
1586763
1586869
1588071
1588643
1588767
1588799
1589155
1589206
1589349
1589671
1589941
1590526
1590609
1590722
1591074
1591201
1591289
1591374
1591716
1591751
1592094
1592294
1592721
1592960
1593055
1593271
1593840
1594130
1594918
1595034
1595088
1595282
1595543
1595667
1595682
1596283
1596470
1596652
1597083
1597262
1597295
1597474
1597717
1598322
1598349
1598525
1598705
1598729
1599504
1599513
1599685
1599777
1600498
1600532
1600693
1600743
1600760
1600988
1601095
1601158
1601502
1601736
1601968
1602399
1602698
1603333
1603507
1603711
1604299
1604794
1605752
1606137
1606199
1606563
1606991
1607027
1607134
1607444
1607887
1608074
1608425
1608632
1608996
1610737
1610833
1610935
1610993
1611178
1611390
1611577
1611614
1612276
1612500
1613148
1613664
1613789
1614649
1615153
1617287
1617342
1617592
1618016
1618930
1620436
1620739
1620835
1621137
1621147
1622332
1622409
1623034
1623454
1623742
1623744
1624212
1624833
1625289
1626064
1626434
1627190
1627470
1627525
1627662
1627677
1627766
1627820
1628265
1628479
1629606
1629641
1629823
1629883
1630524
1630579
1631379
1631940
1633423
1633544
1633995
1634817
1634849
1634936
1635352
1635553
1635606
1636120
1636659
1637267
1637423
1637693
1637792
1637803
1638005
1638128
1638277
1638568
1638672
1639056
1639555
1639626
1639977
1640197
1640817
1641089
1641452
1642998
1643248
1643467
1643626
1643642
1644618
1644710
1644712
1645276
1646099
1646294
1646666
1647700
1648140
1649008
1649037
1649082
1649268
1649278
1650154
1650393
1650519
1650972
1651050
1651319
1652064
1652807
1653997
1654449
1655331
1655448
1655851
1655916
1656031
1656035
1656762
1656967
1657327
1658753
1658898
1659198
1659513
1659894
1660132
1660410
1661014
1661120
1661168
1661684
1662193
1662497
1662690
1662934
1663539
1664054
1664393
1664405
1664531
1664567
1664617
1664632
1664947
1665352
1666630
1666910
1666974
1667299
1667352
1667394
1667935
1668108
1668171
1668446
1668740
1668878
1669606
1669989
1670455
1670492
1671078
1671433
1671706
1671792
1672044
1672751
1673565
1673674
1673869
1674270
1674314
1675262
1675457
1675574
1675922
1675952
1676279
1676364
1676378
1676517
1676567
1677130
1677305
1677433
1677571
1677662
1678394
1678505
1678595
1678608
1678724
1678759
1678847
1678849
1679638
1680073
1680136
1680272
1680696
1681359
1681375
1682037
1682315
1682885
1682955
1683314
1683473
1683640
1683680
1683846
1683866
1684654
1684699
1684754
1684976
1685818
1686738
1686898
1686935
1688306
1688440
1688449
1688535
1688551
1688926
1689522
1689744
1691141
1692112
1692560
1692651
1692757
1693381
1693438
1693883
1694257
1694315
1694607
1694699
1694865
1694998
1695029
1696259
1696691
1697227
1697269
1698638
1698721
1698864
1699091
1699325
1699333
1699405
1699540
1700177
1700294
1700357
1700763
1700845
1701004
1701508
1701933
1702225
1702825
1703667
1704043
1704210
1704337
1705068
1705093
1705661
1706930
1706990
1706997
1707140
1708411
1708483
1708509
1709529
1709801
1710382
1710453
1710714
1711505
1712000
1712036
1712205
1712207
1713109
1713110
1713190
1713364
1713888
1713938
1714002
1714488
1714597
1714953
1715717
1716258
1717671
1718154
1718360
1718478
1718532
1718546
1718783
1718855
1719790
1720117
1720816
1720870
1721257
1721297
1721571
1721710
1722021
1722102
1722231
1722536
1723483
1723638
1723662
1724336
1724348
1724515
1724844
1724998
1726140
1726251
1727198
1728219
1728240
1728802
1729071
1729107
1729371
1730578
1731020
1731540
1731818
1732192
1735237
1736452
1736470
1736817
1737391
1739419
1739750
1739837
1740413
1741264
1742976
1743525
1744446
1748822
1751991
1753484
1755907
1756971
1757293
1757861
1758093
1758630
1759339
1759615
1759663
1759792
1760442
1761087
1761957
1763672
1764953
1765976
1766622
1766653
1767474
1770595
1771030
1773832
1775456
1775748
1776190
1776429
1776629
1776728
1776861
1777482
1777949
1778650
1779280
1781527
1782181
1784559
1785598
1786534
1787387
1791133
1791138
1792218
1792876
1795846
1796226
1797571
1797574
1797603
1797713
1798851
1800683
1802167
1802815
1803142
1806860
1809455
1809615
1810025
1811707
1811852
1812775
1812891
1813082
1814098
1814544
1814856
1815395
1815911
1816133
1818992
1819179
1819405
1819520
1819566
1821087
1821351
1821777
1821873
1821886
1823053
1823505
1824124
1825082
1825614
1826134
1829095
1830054
1831396
1832015
1833218
1834404
1835106
1837152
1837460
1840467
1840982
1842135
1842340
1843385
1843670
1844528
1844719
1845350
1847471
1847495
1848446
1848457
1848555
1849253
1849353
1850227
1851311
1851782
1852893
1853135
1853506
1853802
1854382
1855050
1855457
1855464
1855713
1856113
1856166
1856411
1856415
1857214
1858925
1858985
1859530
1859614
1859812
1860290
1861026
1861098
1862125
1862319
1863935
1867371
1867637
1868591
1871902
1872747
1873683
1873757
1875034
1876060
1878365
1879741
1880279
1881622
1884239
1884629
1887396
1887918
1888010
1888790
1890099
1890118
1890420
1890512
1890575
1890767
1891207
1891367
1894013
1894087
1894334
1894782
1895513
1896168
1896543
1896855
1897087
1898497
1899407
1901403
1902320
1903223
1903391
1904528
1905425
1905701
1906567
1906578
1906880
1907233
1908307
1909458
1909556
1910050
1911556
1911714
1911850
1912325
1914168
1914289
1914339
1914753
1914974
1915318
1916099
1916908
1916921
1918213
1918945
1921998
1922925
1924782
1925334
1927021
1927923
1928345
1928831
1930361
1932391
1933104
1934660
1936348
1938568
1938602
1940087
1940501
1941851
1942260
1943618
1944756
1946832
1948813
1949272
1949825
1950482
1950916
1951732
1952003
1953766
1955554
1956267
1957294
1958278
1959451
1959664
1959863
1960114
1960609
1960782
1961305
1962911
1963358
1963435
1963616
1963688
1965139
1965531
1965646
1966647
1968059
1968804
1968981
1971682
1973508
1973788
1975069
1976348
1976430
1976929
1978204
1978207
1978474
1978643
1978742
1979758
1980284
1980908
1981249
1982425
1982427
1982587
1982652
1982804
1982903
1983142
1983436
1983721
1983791
1984687
1985072
1985430
1985554
1985971
1986625
1987346
1987470
1987678
1987777
1987808
1988265
1988442
1988699
1989006
1989434
1990257
1990263
1990294
1990653
1990714
1990751
1990949
1990971
1991163
1992659
1993421
1994355
1994619
1994798
1995631
1995944
1995955
1996018
1997096
1997411
1997740
1997956
1998108
1998276
1998295
1998945
1999023
1999608
2001702
2001749
2002021
2002197
2002628
2002686
2003091
2003201
2003594
2003816
2003850
2004189
2004270
2004406
2004568
2004812
2005043
2005143
2005167
2005300
2005896
2005948
2006276
2006717
2006852
2006932
2006978
2007551
2007977
2008240
2008338
2008439
2008510
2008768
2008933
2009001
2009663
2010027
2011301
2011370
2011475
2011765
2011971
2012292
2012381
2012415
2012460
2012912
2013394
2014051
2014110
2014175
2015410
2015649
2015961
2016615
2016670
2017266
2017842
2017843
2018778
2020312
2020476
2020749
2020866
2021363
2021549
2021664
2022001
2022121
2022136
2023122
2023580
2023989
2024171
2024646
2024725
2025162
2025258
2025672
2025858
2026052
2026133
2026321
2026377
2026562
2026774
2026864
2026951
2027080
2027367
2027478
2027496
2027931
2028220
2029781
2029868
2029966
2030168
2030736
2030816
2031272
2031388
2031576
2032040
2032101
2032495
2033110
2033347
2033655
2033841
2034254
2034383
2035197
2035406
2035513
2035670
2036253
2036329
2036585
2036768
2036963
2037755
2037950
2038260
2038497
2038527
2038706
2038755
2039030
2039630
2040194
2040195
2040246
2040417
2041995
2042084
2042311
2042554
2043062
2043063
2043187
2043657
2044349
2044492
2045004
2045364
2045380
2045390
2045532
2046056
2046414
2046962
2049311
2049388
2049473
2049717
2049769
2050256
2050492
2051325
2051430
2051457
2051652
2052028
2052324
2052338
2052894
2052896
2053146
2053651
2053687
2055083
2055090
2057228
2058046
2058048
2058553
2058799
2058979
2059243
2059292
2059572
2059939
2060387
2060780
2060793
2060865
2060885
2061035
2061101
2061631
2061679
2062052
2062268
2063102
2063602
2063744
2063761
2063870
2064394
2064849
2064931
2064950
2065114
2065684
2067058
2067409
2069098
2069265
2069362
2069433
2069441
2069489
2069653
2070551
2070799
2071527
2071779
2071832
2072959
2073051
2073759
2074048
2074088
2074311
2074328
2074790
2076425
2078377
2078688
2078767
2078939
2079712
2079904
2080128
2080357
2080707
2081482
2081834
2082062
2082515
2082819
2084061
2084134
2084273
2084757
2084967
2085271
2085472
2087006
2087360
2088044
2088067
2088637
2088951
2089238
2089718
2091365
2092049
2093505
2094170
2094277
2094501
2094790
2094881
2095845
2096787
2097111
2097285
2097355
2097462
2097681
2097903
2098416
2098468
2099497
2099508
2099844
2099925
2099936
2099988
2100282
2100654
2100899
2101000
2101201
2101736
2101781
2101989
2102168
2102219
2103515
2103541
2103773
2104791
2105662
2105705
2106045
2106392
2107607
2109241
2109295
2110023
2110228
2111102
2111406
2111491
2111722
2112247
2112657
2112737
2112797
2112846
2113281
2114023
2114242
2114286
2114417
2114974
2115281
2115638
2116040
2116691
2116933
2117241
2117298
2117330
2117380
2117444
2118411
2119593
2119950
2120109
2120216
2120520
2120956
2120961
2121163
2121484
2121582
2123962
2124003
2124017
2124293
2124762
2126011
2126626
2126783
2127085
2127208
2127298
2127318
2128046
2128306
2128429
2128910
2130020
2130176
2130467
2130632
2131951
2132021
2132238
2132447
2133582
2133690
2133793
2133967
2134975
2135503
2135609
2137129
2137559
2137574
2137600
2137808
2137880
2137903
2138001
2139943
2140714
2141124
2143242
2144492
2144896
2145864
2146055
2146872
2147689
2149571
2149795
2151380
2151949
2152006
2153742
2155516
2155922
2156249
2157753
2157997
2158519
2159255
2160835
2160882
2161757
2162001
2164845
2165003
2166837
2166993
2168618
2168785
2169227
2170709
2171289
2172098
2176985
2177163
2177516
2178913
2179711
2179775
2181086
2182459
2182896
2184332
2184365
2184492
2184803
2185742
2187584
2188045
2190608
2191404
2193405
2193896
2194212
2197547
2197670
2197763
2197833
2199392
2200878
2201095
2202345
2203467
2203492
2203969
2204291
2206252
2208548
2208956
2211130
2212946
2213303
2213759
2214441
2214943
2215141
2215320
2216880
2218380
2218382
2221227
2222428
2223224
2223542
2223717
2223924
2224150
2224818
2227719
2228242
2229934
2230001
2230470
2232041
2233018
2234964
2237337
2238315
2239111
2240954
2241047
2241321
2244386
2246552
2247043
2247371
2247461
2248072
2248106
2249801
2250935
2252151
2252824
2253202
2253607
2258582
2260371
2260747
2261732
2263003
2267291
2267546
2267600
2270295
2272229
2272895
2275232
2281133
2281303
2286796
2288467
2288744
2290566
2291813
2292928
2294652
2295727
2296134
2296949
2297540
2299497
2299608
2300584
2302181
2302601
2303344
2307093
2307914
2315174
2315800
2317816
2318912
2319293
2319913
2320068
2320335
2321862
2325052
2325281
2326419
2326856
2327007
2328496
2330107
2334816
2335853
2335899
2337091
2337291
2338347
2340794
2344845
2344941
2347314
2348443
2350078
2351939
2352640
2352786
2353773
2354703
2355167
2355391
2357508
2358056
2358082
2358741
2359305
2359656
2360557
2362697
2363386
2363625
2364351
2364757
2366137
2367375
2368199
2369641
2370248
2370381
2371559
2373532
2374019
2374048
2376382
2376476
2376687
2377219
2379155
2379453
2380002
2380413
2381556
2382530
2382909
2384085
2385663
2386123
2387098
2389616
2389865
2390861
2392148
2393479
2393897
2394282
2394821
2396109
2396243
2397883
2398693
2401855
2402708
2402850
2404708
2405866
2406154
2407947
2408241
2408900
2410726
2411882
2412383
2412940
2414145
2414459
2415357
2415629
2416448
2416896
2417727
2418453
2418464
2418936
2423428
2423700
2426195
2426356
2426489
2426811
2427583
2428246
2428694
2429577
2430483
2435659
2436045
2436695
2438125
2438176
2438260
2439137
2440436
2443574
2443925
2444463
2445528
2446148
2446985
2447561
2448723
2450704
2453006
2453504
2454749
2457905
2459430
2459662
2459891
2460203
2460432
2461157
2461501
2462113
2464194
2464449
2467373
2467475
2468003
2468427
2468922
2470078
2471886
2473653
2473677
2473812
2473988
2474017
2474217
2474612
2474924
2474941
2474975
2475121
2475481
2475517
2476069
2476138
2477041
2477200
2477355
2477635
2477748
2478255
2478562
2479049
2479074
2479332
2481079
2481227
2481448
2482104
2482296
2482719
2483363
2483438
2483643
2483775
2483789
2484122
2484587
2484608
2484948
2485486
2485578
2485691
2485925
2487868
2488726
2489048
2489292
2489570
2490331
2490415
2490510
2490551
2490594
2490643
2491219
2491276
2491372
2491485
2491654
2491958
2492068
2492521
2492819
2493755
2493793
2494157
2494361
2494474
2494563
2495005
2495465
2495800
2496400
2496563
2496583
2497212
2497288
2497640
2497648
2498197
2498407
2498605
2499447
2499707
2500900
2502465
2502675
2503955
2505564
2505602
2505637
2505672
2506011
2507023
2507526
2507583
2508159
2509117
2509266
2510156
2510746
2510867
2510931
2510995
2511257
2511317
2511760
2512061
2512532
2512776
2513332
2513385
2514610
2514686
2514886
2514997
2515171
2515777
2515795
2515938
2516026
2516305
2517318
2517414
2517654
2517911
2518613
2519014
2519087
2519156
2519208
2519654
2519680
2519692
2520032
2520340
2520398
2520626
2520694
2521149
2521235
2521335
2521736
2521746
2521752
2521911
2521990
2522065
2522266
2523119
2523386
2523430
2523991
2524183
2524321
2524327
2525523
2525957
2526401
2526490
2526521
2526985
2527407
2527410
2527559
2527604
2528162
2528234
2528256
2528436
2528555
2528730
2529122
2529312
2529678
2529726
2530512
2530936
2531145
2532258
2532432
2533030
2533804
2534281
2534353
2534406
2534486
2534613
2534867
2534998
2535118
2535133
2535174
2535304
2535424
2535870
2536148
2536513
2536544
2536758
2536996
2537858
2537910
2537962
2538307
2538323
2538771
2539276
2540129
2540801
2541074
2542064
2542329
2542365
2543110
2543116
2543191
2543219
2543293
2543315
2543571
2544433
2545734
2546693
2546972
2547384
2547903
2547917
2548062
2548258
2548406
2549070
2549344
2549642
2549934
2549959
2550453
2550532
2550778
2551045
2551052
2551347
2551659
2551756
2552243
2552293
2552360
2554014
2554220
2554443
2554798
2555100
2555129
2555319
2555733
2556505
2556507
2556672
2557716
2558885
2558916
2559191
2559316
2559657
2560878
2560894
2561380
2561484
2561922
2562954
2562971
2563188
2563298
2563437
2563668
2563999
2564096
2564288
2564474
2564819
2565329
2565395
2565881
2566398
2566815
2566864
2567240
2567297
2567793
2567868
2568071
2568726
2569345
2569558
2570111
2570463
2570941
2571217
2571406
2571444
2572298
2572689
2572843
2574460
2575243
2575473
2576126
2576557
2576961
2577220
2577285
2577409
2577765
2577933
2578783
2578827
2579102
2579110
2579128
2579554
2579888
2579983
2580251
2580317
2580462
2581442
2581544
2581652
2582219
2582316
2582415
2584193
2584762
2584775
2585077
2585096
2585565
2586188
2586848
2587054
2587150
2587687
2588420
2588602
2588880
2589374
2589547
2589605
2589945
2590102
2590841
2591352
2591527
2591763
2592348
2592545
2593261
2593548
2593550
2594284
2594374
2594928
2595282
2595723
2596227
2596759
2597102
2597342
2597579
2598355
2599156
2599235
2599255
2599403
2599499
2599803
2600609
2600684
2601033
2601345
2601423
2601455
2602283
2603047
2603166
2603399
2604456
2604580
2604639
2604669
2605085
2605204
2605267
2605616
2605723
2605859
2607010
2607738
2608143
2608249
2608544
2608700
2608739
2609344
2609949
2610159
2610214
2610344
2610686
2611480
2611978
2612294
2612444
2612806
2613029
2613087
2613253
2613719
2613947
2614483
2614497
2614640
2615277
2615815
2615834
2615986
2615997
2616632
2616689
2616836
2617250
2617269
2617314
2617437
2617689
2617752
2618827
2619056
2619654
2619664
2619986
2620031
2620125
2620578
2620749
2621786
2622548
2622863
2623402
2629935
2631569
2633395
2633885
2633999
2635280
2636798
2636940
2638307
2639625
2641027
2641835
2647527
2653821
2655567
2655736
2659447
2661104
2666389
2668538
2669735
2669797
2672238
2673012
2675539
2676704
2678251
2682517
2683372
2684675
2687388
2688318
2691942
2693730
2695749
2695966
2696499
2697285
2697597
2698594
2699196
2699431
2702209
2702499
2702902
2705017
2705669
2705683
2706838
2707388
2707503
2710507
2711369
2715704
2715741
2715816
2717874
2719964
2721949
2723530
2725738
2728410
2729576
2731268
2742285
2742798
2742913
2743171
2744672
2744692
2746508
2746904
2750358
2750690
2753912
2754202
2754386
2755187
2756096
2758307
2759052
2761351
2762483
2762529
2763880
2765581
2766349
2768606
2771845
2774531
2775240
2777150
2780374
2781955
2787271
2787415
2790268
2793607
2794492
2796736
2797437
2802144
2803213
2803224
2811354
2812931
2813544
2817763
2818387
2818807
2818945
2821538
2823508
2825570
2827809
2828033
2828068
2830155
2830468
2831465
2831798
2833640
2835627
2835636
2840363
2842472
2842904
2847926
2848179
2850152
2855790
2856821
2859508
2859983
2862209
2863696
2863788
2865190
2866583
2867233
2867282
2876813
2878026
2881881
2883661
2886253
2887255
2888370
2888524
2889182
2891964
2893371
2899517
2901667
2901910
2902439
2904653
2907876
2908131
2908214
2909259
2911655
2913833
2917559
2918303
2923384
2923742
2925579
2926429
2927714
2928764
2929473
2930479
2931147
2931713
2932743
2937042
2937744
2939418
2940214
2943415
2943420
2944475
2945542
2946758
2948495
2950142
2950749
2955850
2957567
2957688
2958031
2960367
2961364
2962775
2963444
2963633
2964037
2965034
2966727
2969123
2972259
2972288
2973987
2976039
2978313
2978652
2980206
2981046
2984629
2987675
2988370
2989359
2992672
2993787
2998574
2999534
2999970
3001470
3002038
3005409
3005790
3007384
3011227
3013345
3013646
3016933
3025785
3027914
3028188
3029352
3029556
3031574
3032523
3032591
3032670
3033091
3033095
3033386
3034946
3036153
3036913
3037032
3037200
3037498
3038076
3038633
3039394
3039517
3039970
3040472
3040480
3040730
3041049
3041571
3041929
3042111
3042174
3042255
3042862
3043164
3044607
3044655
3045584
3045684
3046193
3046214
3046277
3046385
3047173
3047175
3047690
3048150
3048151
3048392
3048662
3049277
3049412
3049744
3050653
3050678
3051423
3051971
3052147
3052176
3052267
3052385
3052984
3054011
3054070
3054090
3054349
3054450
3054538
3055695
3055736
3056455
3057492
3058932
3060084
3060783
3061040
3061549
3061805
3061985
3062461
3062501
3063461
3063512
3063573
3063641
3064008
3064033
3064375
3065778
3066833
3067030
3067039
3067121
3067940
3068053
3068404
3068508
3068702
3068805
3069421
3069468
3070271
3071730
3072081
3073304
3073855
3073865
3074140
3074233
3074591
3075468
3075824
3076074
3076365
3077032
3077284
3077866
3078106
3079300
3079992
3081017
3081670
3082334
3082400
3082635
3083644
3084382
3085152
3085263
3086376
3086740
3087306
3087679
3087888
3088539
3089459
3089531
3089989
3090247
3090816
3091025
3091455
3092132
3092426
3093179
3093387
3094620
3094697
3095558
3095658
3096136
3097526
3097874
3098191
3098255
3098981
3099391
3100327
3102202
3102345
3102399
3102609
3103339
3104033
3104122
3104212
3104323
3104329
3104358
3104880
3105307
3105360
3105504
3105587
3105739
3105783
3105845
3105864
3105980
3106046
3106354
3106709
3107029
3107315
3108717
3108961
3109833
3109841
3109963
3110006
3110167
3110673
3110686
3110920
3111924
3112140
3112253
3112790
3113869
3115708
3115727
3116317
3116902
3118087
3118237
3119086
3119224
3119575
3119979
3120041
3120615
3121608
3121849
3124114
3124237
3124630
3124924
3125028
3126174
3126342
3126716
3126901
3127369
3129824
3129826
3130189
3130851
3131224
3132314
3132484
3133847
3134711
3136032
3137327
3137834
3138327
3139113
3139151
3139388
3139757
3140579
3140608
3140652
3141543
3141804
3142112
3143448
3144545
3144898
3146258
3146268
3147102
3147340
3147968
3148142
3148297
3148867
3148986
3149081
3149172
3151446
3151744
3152100
3152362
3152715
3152743
3152786
3152963
3153849
3154970
3155999
3156606
3157224
3157321
3157694
3157812
3158481
3158714
3158771
3158920
3158981
3159674
3160000
3160343
3160371
3160434
3160832
3161364
3161366
3161641
3161891
3162367
3163775
3164198
3164341
3164482
3165395
3165399
3165618
3165632
3165659
3168334
3168879
3169028
3170340
3170753
3172448
3173621
3173747
3173785
3174494
3174863
3181132
3181310
3183999
3185554
3187596
3187914
3190600
3190679
3192744
3193455
3196350
3197788
3199236
3200627
3201197
3201355
3205911
3207099
3210742
3212965
3213195
3213969
3214276
3215918
3216661
3216899
3221011
3229682
3232145
3232302
3233752
3234445
3237520
3239552
3241329
3241530
3242067
3246158
3247403
3248474
3249446
3250992
3254268
3255132
3255635
3257378
3260312
3263856
3266096
3266713
3270816
3271396
3274556
3274925
3279512
3280024
3282479
3285749
3286990
3287408
3292031
3293788
3293970
3294458
3297574
3299988
3300589
3301299
3304562
3309137
3309254
3310129
3314584
3316093
3317064
3317087
3318137
3319354
3319443
3329388
3330795
3332472
3332575
3335472
3336393
3355140
3355241
3356446
3359069
3361876
3362936
3364537
3372471
3372725
3373633
3373835
3374537
3376988
3376991
3383664
3388556
3388678
3395903
3397090
3400415
3402076
3405573
3405671
3412087
3419193
3419310
3419645
3421069
3424306
3424874
3425410
3431305
3431327
3432423
3432814
3434360
3435385
3435875
3436867
3437901
3440565
3440846
3440954
3442882
3444275
3444355
3444699
3444873
3446517
3447439
3448378
3451684
3451699
3453144
3455066
3456581
3459666
3465089
3466218
3466292
3469266
3472704
3473459
3474412
3477258
3479979
3481462
3483909
3484988
3485203
3485941
3495234
3496267
3497063
3498248
3499096
3499874
3501770
3505552
3506443
3509931
3510217
3511491
3512495
3515111
3516083
3518311
3518955
3522315
3522867
3524552
3526147
3527206
3528149
3530105
3530491
3535355
3535476
3536372
3536655
3536670
3537034
3538946
3540522
3543364
3546987
3548048
3548378
3555115
3555298
3555409
3555699
3556397
3557074
3559214
3559580
3561128
3563123
3563493
3564805
3565132
3565411
3565529
3567505
3568219
3571892
3576581
3576705
3580274
3580338
3584331
3587308
3588547
3590520
3591661
3592588
3597488
3607939
3612178
3612297
3614443
3615474
3616438
3616952
3618156
3619919
3622766
3624333
3625319
3625595
3632843
3633057
3633437
3635596
3635772
3636907
3640644
3641610
3643041
3644174
3651648
3652025
3652152
3653928
3656009
3656885
3657458
3657987
3659458
3662986
3666566
3667779
3668443
3671397
3671871
3673912
3676815
3677716
3681502
3687141
3688270
3691660
3692754
3699181
3699926
3703096
3706602
3706717
3707189
3710283
3711085
3717597
3719326
3720377
3720533
3721053
3721100
3722392
3723041
3723692
3723794
3724335
3725556
3725577
3726755
3726838
3727050
3727086
3727746
3727819
3728761
3729071
3729310
3730523
3730560
3731050
3731149
3731490
3732660
3732860
3732889
3733474
3733706
3734237
3734258
3734317
3734434
3734754
3734884
3735893
3736155
3736211
3736513
3737743
3737948
3739004
3739176
3739200
3739253
3740075
3740412
3740661
3741108
3741594
3742167
3742361
3742385
3742695
3742911
3744102
3744633
3744887
3745446
3745989
3745998
3746316
3746591
3746646
3747037
3747101
3747294
3747508
3748358
3748836
3748904
3748997
3749188
3749360
3749704
3750599
3750702
3751503
3751695
3751977
3752542
3752696
3753030
3753219
3753284
3753388
3753652
3753664
3753915
3754411
3754643
3755137
3755470
3756084
3756091
3756537
3756707
3757122
3757746
3758358
3759589
3759755
3759764
3760529
3760823
3761194
3761576
3761821
3761927
3761947
3762036
3762536
3762570
3763131
3763295
3763428
3763662
3764017
3764092
3764695
3764990
3765394
3767330
3767503
3769444
3769526
3770302
3770314
3770715
3771495
3771870
3771890
3772289
3772715
3772828
3773514
3773579
3773929
3774192
3774727
3774825
3775441
3775520
3776342
3776743
3777061
3777392
3777621
3777639
3777871
3778003
3779089
3779322
3779450
3780774
3781759
3782606
3783975
3784209
3784257
3784317
3784436
3785169
3785231
3785650
3785736
3786811
3787294
3787828
3788347
3788761
3789822
3790180
3791889
3792217
3793103
3793880
3793989
3794308
3794970
3795679
3795949
3796023
3796954
3796982
3797288
3797289
3797798
3798013
3798735
3799176
3800321
3800671
3800685
3800711
3801111
3802565
3802906
3802995
3803226
3803345
3803775
3804176
3805334
3805560
3805976
3805989
3806253
3806514
3806567
3806869
3806974
3807685
3807775
3809728
3810177
3810403
3810517
3810600
3811540
3812729
3814678
3814940
3815357
3815509
3815841
3816398
3817717
3818172
3818589
3818717
3818837
3819076
3819862
3820437
3820793
3821073
3821460
3821843
3822257
3822396
3823660
3825101
3825218
3825681
3825807
3825856
3826260
3826601
3826894
3827208
3827861
3828384
3828710
3828872
3829283
3829976
3829979
3830695
3831725
3834061
3836073
3836293
3836692
3837023
3839058
3839095
3839433
3839540
3839555
3839582
3839588
3839904
3840068
3840947
3841019
3841248
3841671
3841975
3842024
3842709
3842824
3843107
3843110
3843141
3843402
3843710
3843883
3844393
3844446
3844725
3844988
3845187
3846772
3847053
3847472
3847875
3847961
3848228
3848486
3848757
3849032
3849645
3849838
3850297
3851161
3851224
3852786
3852959
3853018
3853109
3853227
3853686
3854205
3854258
3854773
3855862
3856796
3857010
3857043
3857511
3858074
3858539
3858572
3858587
3859052
3859252
3859356
3861327
3862314
3862539
3862700
3862948
3863435
3864763
3864993
3865190
3865600
3866220
3866223
3866343
3867070
3867529
3867708
3867743
3867831
3868099
3868195
3868565
3869230
3869472
3869577
3869664
3870046
3870067
3870125
3870484
3870573
3870994
3871226
3871916
3871936
3871948
3873104
3873116
3873847
3874174
3874583
3875324
3875386
3875864
3876098
3876572
3876675
3876992
3877665
3877721
3877863
3878090
3878273
3878439
3879083
3879601
3879606
3879902
3880145
3880256
3880483
3881467
3881682
3881922
3881923
3882026
3882125
3882214
3882218
3882227
3882240
3882479
3882540
3883852
3884064
3884175
3884441
3884730
3884750
3885764
3886310
3887301
3888561
3890080
3890125
3890458
3890580
3891208
3891571
3891653
3891783
3891839
3891950
3892246
3892278
3892302
3892324
3892635
3892861
3893232
3893670
3894286
3894418
3895408
3895520
3896264
3896429
3896939
3896975
3897074
3897160
3897442
3897649
3898285
3898408
3898488
3898523
3898772
3899492
3899751
3900048
3900099
3900305
3900618
3901480
3901558
3901571
3902064
3902468
3902668
3902722
3902732
3902768
3902901
3902909
3903121
3903508
3904200
3904487
3904818
3905089
3905131
3905362
3905651
3905681
3905973
3906383
3906503
3906657
3907357
3908140
3908151
3908160
3908879
3909101
3909301
3909346
3909370
3909377
3909384
3909975
3910084
3910146
3910312
3910473
3910644
3911193
3912822
3913074
3913866
3914253
3915225
3915434
3916393
3916601
3917222
3918474
3918643
3918668
3919277
3919870
3920272
3920512
3920780
3920799
3920920
3921679
3922585
3922743
3923134
3923202
3923317
3923964
3924315
3924342
3924460
3924499
3924656
3925045
3925196
3925446
3926085
3926101
3926381
3926449
3926646
3926678
3926683
3926809
3926895
3927123
3927241
3927428
3928589
3928872
3929656
3930052
3930143
3930389
3930410
3930922
3931087
3931571
3931681
3933992
3934317
3934669
3934817
3935093
3935488
3935539
3935872
3935940
3936619
3937304
3937393
3937426
3938163
3938484
3938571
3938584
3938741
3939431
3939435
3939463
3939687
3939994
3940304
3940438
3940599
3940829
3941602
3941605
3941625
3942082
3942099
3942139
3942612
3943274
3943597
3943659
3943685
3943732
3943841
3943956
3944028
3944719
3944837
3945107
3945452
3946415
3946479
3946571
3947319
3948032
3948240
3948389
3948602
3950158
3950183
3950223
3950443
3950682
3950826
3951252
3951357
3951387
3951504
3952016
3952055
3952241
3952975
3953077
3953162
3953314
3953453
3953614
3953640
3953655
3954136
3954175
3954710
3955197
3955205
3955501
3955580
3956106
3956531
3957450
3957697
3957763
3957921
3958251
3958253
3958668
3958800
3958875
3959404
3959450
3960042
3960598
3961907
3962093
3962534
3962852
3963102
3963135
3963248
3963443
3964119
3964154
3964379
3964467
3964586
3965040
3965193
3965640
3965902
3965959
3966529
3966739
3966890
3967890
3968053
3968337
3968712
3968912
3969474
3969601
3969724
3970255
3970869
3971242
3971347
3971396
3971980
3972516
3972590
3972623
3973054
3973305
3973772
3973834
3974906
3974944
3975288
3975408
3975475
3975537
3975952
3976336
3976830
3977172
3977727
3978329
3978459
3979303
3979933
3981364
3982539
3983461
3983536
3984033
3984171
3984466
3985033
3985734
3985892
3986001
3986141
3986309
3986848
3987620
3987883
3988123
3988658
3989152
3989286
3989384
3989715
3989962
3990232
3990388
3991308
3991475
3991498
3991959
3991996
3992033
3993112
3993224
3993557
3993724
3994311
3994330
3994746
3995423
3995501
3996080
3996207
3996367
3996597
3996626
3997178
3998498
3998504
3998604
3999629
3999791
4000476
4000558
4001079
4001179
4001269
4001415
4001602
4001905
4002211
4002398
4002473
4002561
4003992
4004098
4004313
4004828
4004892
4005953
4006156
4006230
4006453
4007575
4007591
4008881
4009186
4009241
4009432
4009478
4009910
4009911
4011154
4011448
4011854
4011895
4012689
4012869
4012929
4013234
4013494
4014181
4014674
4014818
4015830
4015904
4016163
4016190
4017321
4017578
4017901
4017902
4018361
4018385
4018639
4018877
4019194
4019717
4020937
4021063
4021109
4021307
4021530
4021710
4022235
4023056
4024683
4024726
4024948
4025170
4025679
4025801
4026307
4026328
4027095
4027565
4027727
4027903
4028438
4028641
4028727
4029514
4029826
4030894
4030972
4031203
4031238
4032464
4033104
4033354
4033399
4033873
4034348
4035037
4035105
4035209
4035478
4035495
4035501
4035692
4035811
4035853
4036113
4036126
4036159
4036293
4036455
4036521
4036527
4036557
4036771
4036807
4036966
4037861
4038041
4038110
4038725
4039103
4039215
4039273
4039476
4040068
4040218
4040758
4041069
4041174
4041292
4041299
4041620
4041791
4041922
4042035
4042118
4042315
4042539
4042785
4043106
4043230
4044231
4044592
4044798
4045313
4045378
4045460
4046216
4046372
4046879
4047354
4047411
4047466
4047714
4047963
4047985
4048660
4048791
4049125
4049645
4049825
4050571
4052296
4052870
4053294
4053521
4053586
4053666
4053904
4054084
4054914
4054992
4055657
4055950
4056588
4056692
4056732
4057298
4057534
4058229
4058251
4058836
4058939
4060187
4060475
4060622
4061041
4061236
4061383
4062140
4062412
4062848
4063470
4063529
4064590
4064908
4065229
4065339
4065533
4065844
4065871
4066853
4066946
4067038
4067117
4067187
4068267
4068560
4068579
4069618
4069679
4069708
4069975
4070112
4070116
4070198
4070558
4070665
4071505
4071510
4071793
4071805
4072042
4072331
4072485
4072975
4073201
4073693
4073807
4074179
4074706
4074742
4075681
4075948
4077085
4077277
4077490
4077596
4077625
4077969
4078260
4078292
4078824
4080109
4080872
4081090
4081319
4081435
4082107
4082195
4082311
4082855
4082897
4083124
4084074
4084108
4084469
4084760
4084763
4085716
4086748
4086951
4087131
4087180
4087470
4088086
4088301
4088391
4088951
4089005
4089052
4089428
4089562
4089956
4090056
4090353
4090632
4091002
4091142
4091320
4091437
4091869
4091892
4092069
4092511
4092931
4093220
4093338
4093510
4094167
4094197
4094470
4095051
4095839
4095852
4096153
4096200
4096617
4097441
4098373
4098589
4098895
4099440
4100026
4100029
4100152
4100153
4100413
4100740
4100769
4100952
4100973
4101483
4101703
4101784
4101809
4101832
4101914
4102116
4102285
4102677
4102982
4103289
4104194
4104720
4105136
4105543
4105725
4105931
4106230
4106479
4106834
4107440
4107724
4107774
4108190
4108344
4108570
4108687
4109393
4109802
4109915
4109931
4110169
4110208
4110387
4110586
4110692
4110807
4110978
4111651
4112245
4112275
4112748
4113127
4113271
4114595
4114672
4115856
4115974
4115989
4116418
4117334
4117830
4118049
4118266
4118324
4118380
4118411
4118904
4118909
4119352
4120624
4121454
4121829
4121956
4121989
4122035
4122526
4122577
4122623
4122790
4123583
4123955
4124533
4124707
4124811
4125449
4125561
4125947
4126318
4126333
4126375
4126940
4127100
4127245
4127516
4127678
4127809
4127947
4128002
4128196
4128287
4128390
4128408
4128435
4128528
4128806
4128956
4129591
4129934
4129937
4129997
4130102
4130357
4130501
4130719
4130731
4131997
4132747
4132763
4132978
4133005
4133038
4133126
4133576
4133717
4133887
4133988
4134021
4134136
4134311
4134325
4134348
4134498
4135208
4135560
4136157
4136284
4136308
4136357
4136437
4136470
4136520
4136916
4137140
4137673
4137816
4137960
4138289
4138290
4138447
4138952
4139526
4139647
4139797
4140118
4140301
4140433
4141186
4141654
4141849
4142285
4142566
4142797
4143028
4143785
4143848
4143916
4144424
4144517
4144712
4145464
4146023
4146053
4146196
4146662
4147081
4147160
4148091
4148266
4148729
4149624
4149679
4149867
4150720
4150836
4151044
4151333
4151460
4151512
4151541
4151951
4152018
4164427
4165262
4171151
4203756
4231331
4267334
4269777
4281163
4282867
4301959
4324811
4339707
4368580
4374921
4375707
4396126
4410235
4433590
4449213
4468904
4480796
4510017
4529053
4534480
4537797
4561530
4571920
4573801
4610038
4634034
4652811
4665139
4669690
4756805
4806797
4837785
4844442
4860650
4874692
4883215
4883580
4884093
4887365
4887666
4889001
4890421
4891815
4892075
4893640
4894312
4894991
4895984
4896021
4896450
4898413
4898421
4902031
4902270
4902282
4902719
4903196
4903270
4905399
4905712
4906322
4910011
4910984
4910999
4913450
4913626
4913747
4916222
4918504
4919411
4919529
4920554
4922144
4923592
4923815
4923945
4924197
4925629
4926347
4926411
4927448
4927944
4928169
4928219
4928796
4929400
4929770
4930498
4931087
4931133
4931346
4931518
4933839
4935247
4935864
4936095
4936352
4937367
4937760
4938089
4938163
4938345
4940431
4941400
4942205
4942537
4943175
4944870
4944893
4945716
4946605
4946610
4948801
4949400
4949901
4950265
4950305
4950833
4951976
4952779
4954000
4954709
4955607
4960076
4960616
4960746
4961014
4961739
4962019
4963888
4964511
4964952
4965155
4965298
4965374
4965995
4967802
4969396
4969590
4969612
4970440
4970580
4971175
4971631
4972189
4972849
4974870
4976131
4976276
4977973
4978414
4978938
4979386
4981369
4984094
4987104
4987490
4987918
4988202
4989108
4989737
4991653
4991783
4992669
4992836
4995867
4996208
4997441
4997444
4997650
5000000
5000179
5002439
5004824
5006376
5008079
5010222
5010934
5011475
5011670
5013327
5013694
