7905505
7906492
7906731
7907034
7907288
7907535
7907817
7907966
7909542
7910147
7910498
7910584
7913299
74
3117
3251
3271
3352
5406
5645
7095
8026
8346
9722
10091
11786
12738
15298
15470
16277
16409
16959
18423
19026
19510
19884
20005
20027
20556
20563
21099
21561
22641
22773
23265
23490
23530
23730
23747
23823
23898
24073
25184
25221
25935
26925
27072
29529
29735
30830
33332
33422
35763
36137
37689
38077
40824
41076
41439
41510
43476
43734
45198
47197
47265
49189
49310
50667
50730
50748
51068
52357
52721
53980
54911
56713
57107
58697
59017
60918
61646
63308
63975
64309
64577
65961
66339
67746
68830
69008
69467
70308
72571
72624
72837
73521
74260
75249
75857
76399
77637
77779
78297
79235
79395
79554
79585
80014
80214
81702
82824
83188
83277
84807
85410
85440
85633
86231
87864
89410
89487
89951
90973
91220
92301
92356
94330
94992
95372
95607
98810
98865
100177
100512
100552
100976
102187
102408
103271
104794
104822
105103
105223
105832
106096
106332
106560
107310
110177
110627
111383
111438
111608
112041
113572
114346
114967
116248
116597
117058
118492
118665
118770
122933
122980
123277
123371
123599
123823
124984
125471
125962
126011
127788
128384
128795
130456
130976
130980
131808
132494
133021
134377
136414
136685
137126
138174
138705
138949
139050
139286
139444
139753
140466
140905
141803
141919
143941
145484
147993
148829
149484
149953
151001
151150
153210
154319
154788
154992
155780
155853
156421
157379
157435
159067
159776
161904
165593
165723
165975
166889
168367
171153
171175
172273
172972
173179
174513
175411
175479
175717
175786
176652
178006
178406
178510
179145
179460
179511
180529
182250
182458
182788
182903
183411
183416
183852
184597
185555
185961
186516
187592
187850
188543
189670
189731
192372
194871
195389
196767
197109
199298
200193
200343
201621
202873
207001
207299
208089
208510
209163
210391
211494
211872
212201
212280
213428
215926
216761
217196
218969
219206
219418
220231
220273
220654
222491
223278
223660
225172
225566
226145
226278
227135
228890
229105
229117
229222
234278
234371
234666
235230
235531
236295
236881
237079
238091
239629
240298
240598
240749
241121
241548
241558
241607
243433
243913
244179
244545
245870
247892
247946
249411
249613
249808
249833
250421
250576
251963
252439
252739
253378
254022
254251
254351
254465
255451
256779
261634
261642
262430
265324
267046
267090
267925
268318
268657
269316
269481
270433
270768
270889
272348
272570
273459
273510
273823
274539
274678
274684
275535
276089
276853
278482
279169
279475
282040
282281
282529
283015
283959
284979
285148
286793
287622
288008
290947
291813
293068
293391
293437
295382
295679
297003
300092
300299
300601
300723
300826
302934
307062
307203
307770
307961
308772
309181
309958
310143
310307
310815
311327
312969
313742
313810
313959
314534
314676
315892
316530
317245
317310
318837
319377
320129
320730
321042
321928
323704
324512
326969
328348
329356
330159
331081
331270
331777
333123
334937
335830
335889
335939
336297
336878
337479
337588
339003
341347
342681
343074
343406
344962
345550
345589
347307
347769
347862
350195
350274
350529
352109
352622
353710
354857
355575
356025
358081
359686
360467
360792
361120
363833
363917
365000
365560
368466
368549
369868
370148
371858
372537
373701
373713
374773
375067
376013
378401
379387
379582
380897
381259
381867
382584
383287
383762
383936
384618
385144
388469
389245
389704
390602
390704
390928
394332
394818
396622
398010
398325
398599
398931
399339
399609
401852
402316
403009
403122
403670
406035
406597
407090
407172
407510
407630
409870
410825
410997
411273
412348
415121
418269
418374
418788
419333
419871
420615
420636
421829
421881
422700
423931
424320
424424
424549
425818
426614
426625
429010
429011
429760
430938
431931
432597
432903
433099
433320
433642
433885
435107
435346
435880
436839
437870
438030
439312
439591
440138
440304
440432
440506
442190
443096
443441
445864
446361
449342
450276
450692
454704
455128
455788
457050
457572
458008
459679
460882
461670
461859
463025
463681
464800
464938
465060
466153
467278
467363
467386
470051
470382
470790
470994
471034
472017
473941
474997
476052
476648
476726
477313
478106
479760
480663
481400
482717
482926
483135
483521
485330
486780
488444
490256
490403
490831
491810
492198
492484
492570
494051
494763
495806
496121
497828
497941
499984
500603
500701
500990
503162
503261
503458
504502
504733
505693
505752
506309
506385
506415
506498
506609
507766
507986
509869
510022
510278
510573
510689
511966
512748
514190
516046
517386
517831
517988
520183
520229
520330
521066
521441
522383
524337
524494
526053
526380
528987
529114
529377
529573
530355
530847
530959
532498
532629
533929
534468
537655
538192
538812
540016
540288
540408
541411
541974
543008
543489
545099
545415
546763
549710
550985
551040
551682
551980
552573
552723
552952
553479
554140
554164
555250
556180
556217
556794
557177
557512
557794
558620
560044
560048
560119
560209
560721
561099
561299
561397
564755
564802
565291
565660
566314
566872
568819
568844
569337
570056
570980
572049
573933
574056
574661
576905
577742
578657
581187
581776
582376
582396
583395
584113
585131
585298
585592
585775
586271
586858
587559
587753
588275
589561
589823
590071
591638
592158
592305
592410
592722
593862
593903
595996
596019
596643
596771
598999
599087
599603
600128
600509
601509
603946
604806
605918
606377
606771
606959
608595
609078
609250
609988
610306
610338
610685
611808
611852
611926
612033
613030
613611
613683
613767
614501
614868
615049
619321
619525
620229
620456
623835
624382
624563
624781
625971
627714
628595
630640
631733
631765
632288
633192
633875
633893
635229
635341
635626
636084
636805
636881
637787
638201
638321
639963
640142
643558
646624
647108
647494
648415
650643
650877
652159
652457
652737
653909
654448
655110
655999
656015
656728
657215
657230
657735
658467
661369
662480
662626
662892
663872
664150
665041
665106
665203
665478
665701
666558
666954
667927
669260
669858
672740
673279
673407
673452
674379
674623
678136
679671
680124
680243
682949
684446
686292
686720
690552
692444
692539
692927
695598
696089
696226
698442
699657
699704
699737
700496
700902
701924
702756
703062
703608
705654
705845
706197
706622
707916
708036
708129
708868
709686
709934
711662
712880
713539
717061
717633
718066
718831
719628
719653
720016
720443
720595
721626
723342
723648
724360
725893
726476
726804
726813
727402
728020
728482
728532
728545
728682
731608
732575
734825
734962
735772
736119
737538
737849
738072
738511
739344
740089
740223
740782
740883
741276
741547
741587
742690
743677
744079
744173
745020
746373
750320
751074
751135
753515
755133
756245
756796
757769
759446
759838
760895
761262
762047
762252
762267
763887
763907
764222
766873
766929
769331
770112
770179
771652
771696
772182
774093
777116
778130
779526
779703
779772
783207
784217
785754
787345
787528
787933
788584
790825
791216
791491
791545
791893
794937
795294
796094
797588
797824
797929
799691
802950
804089
804482
804919
805397
806187
806370
806589
807190
807912
809393
810099
811585
812293
814253
815108
816259
817011
817161
817437
817716
817803
818222
818425
819414
819484
820095
820849
822206
822252
822467
823172
823191
823682
824551
824650
824695
824699
826844
827158
827914
828450
828496
829863
830693
831160
831932
832480
832492
833520
834537
834666
836385
836562
838147
838484
839790
840650
841705
842461
842468
843067
843073
843148
844291
844380
844609
846898
848592
849810
850768
852013
852437
854297
854815
855299
855524
855665
855790
856974
860103
860305
860716
861480
862674
863799
867068
867311
868900
870004
870067
870912
871137
871748
872060
872443
872870
874277
874613
875010
875841
875917
876448
878936
879072
879209
880111
881046
882275
882667
882769
882846
883480
884237
884578
886320
886361
886368
886740
887504
888035
888645
888984
890145
891067
891178
891556
892570
893302
894192
895246
897883
898297
898525
900019
900463
900973
901292
902193
902994
903574
903737
904241
904266
904424
904461
904812
904932
905192
905376
907103
907822
908814
909978
910916
911451
911909
911989
912647
913154
913816
914011
914573
914741
915895
916417
917456
918076
918249
918809
918854
920379
921319
922381
922585
922872
924449
924524
924698
925059
926819
926828
927003
927502
928078
928240
930401
930473
931401
931660
932302
933266
934069
934174
935374
936860
937426
939349
939757
939822
939971
940239
941573
946841
947361
947553
947969
948493
948731
948839
949917
953040
953177
954714
954813
955774
956312
956553
957561
957644
958580
959175
959744
960085
960295
961620
962529
962631
963659
964619
964853
965166
965223
966061
967088
967224
967628
967908
968144
968458
969115
969552
969923
970969
971282
971909
972887
973208
974168
976409
976452
976516
977069
978552
978596
978892
979353
979378
980072
980799
980813
983007
983145
983752
985847
986181
986343
986987
987959
988047
988275
989001
989412
990051
991367
991430
992388
994522
996203
996911
997516
997804
998565
998906
1001722
1003447
1003737
1004088
1004154
1004437
1004621
1005384
1005673
1006052
1006465
1007091
1007548
1008471
1009473
1011129
1012973
1013828
1013899
1014219
1015182
1018525
1018542
1019140
1020534
1020789
1021604
1022177
1023832
1023914
1023972
1024024
1025703
1026665
1027617
1027703
1028255
1028270
1028783
1029012
1029142
1029238
1029400
1030945
1031392
1032372
1033769
1034770
1036343
1036528
1038544
1040281
1040351
1040592
1042065
1043615
1044815
1045155
1046643
1046723
1046960
1047344
1048049
1048407
1048865
1048965
1049454
1051105
1051416
1051792
1052528
1053260
1053362
1053475
1054701
1054760
1055287
1056138
1056833
1056933
1058042
1058213
1058542
1058731
1059995
1060241
1060557
1060706
1061610
1062327
1063616
1065494
1065597
1066320
1066591
1067145
1067427
1068102
1068638
1073633
1075368
1077800
1078614
1079611
1079687
1081175
1081312
1081681
1082517
1083022
1085060
1085587
1085589
1086512
1087206
1088861
1089811
1090497
1091853
1094484
1096006
1096036
1096278
1096585
1096751
1097300
1097561
1097866
1097899
1098103
1098353
1098706
1098708
1098927
1100056
1100749
1100978
1101439
1107164
1107714
1109759
1110640
1111147
1111546
1112326
1112738
1112904
1112926
1113181
1113600
1113637
1114573
1115622
1116816
1117338
1118447
1118955
1119549
1119589
1119998
1120626
1121259
1122042
1122921
1122959
1123143
1123525
1124046
1124527
1126037
1127117
1127914
1128076
1129022
1129483
1129597
1130225
1130492
1130621
1131296
1131298
1131307
1132251
1133342
1133412
1133534
1133720
1134401
1135829
1135918
1138300
1139365
1139923
1141165
1141185
1141954
1142169
1142298
1142929
1143439
1143984
1144506
1145822
1147164
1149055
1150465
1151331
1152036
1152388
1153958
1156493
1158080
1158184
1158534
1159261
1159273
1160167
1160866
1161118
1161357
1161616
1162966
1163370
1163758
1164598
1165496
1165782
1165937
1167961
1169705
1172286
1174738
1175922
1176931
1177439
1181760
1181840
1183494
1183890
1184486
1184877
1184960
1185057
1185159
1186798
1187839
1188218
1189782
1190589
1190687
1192384
1192611
1194480
1196818
1197283
1197442
1199097
1201062
1201573
1202285
1202547
1205097
1205898
1207039
1209936
1212949
1213185
1213633
1215466
1215639
1216440
1216563
1217310
1217514
1218434
1219112
1221468
1222348
1223226
1224122
1224861
1225269
1225719
1227022
1228276
1229247
1229419
1230669
1232704
1233933
1235048
1237561
1241719
1244405
1245314
1246618
1248552
1248699
1248792
1249113
1249695
1250314
1251183
1251611
1252127
1252256
1252474
1252541
1252668
1253852
1254255
1254790
1255498
1255781
1256081
1257843
1260339
1260679
1261969
1262269
1262362
1262440
1262879
1263568
1263885
1266138
1266139
1266226
1266681
1266724
1267969
1270825
1271209
1272612
1272837
1273223
1273814
1275361
1275692
1276223
1278140
1278680
1278882
1280360
1281672
1283303
1285552
1288173
1288766
1288972
1291047
1291459
1294004
1296103
1296795
1297565
1299314
1299782
1302833
1309263
1313319
1314762
1314976
1314994
1316451
1316886
1317105
1317165
1317470
1319032
1320893
1321781
1323646
1323886
1323909
1324720
1325873
1325936
1326996
1327324
1327599
1328464
1328516
1328798
1330119
1330160
1331324
1331358
1333568
1335638
1336310
1336656
1336910
1338781
1340034
1340590
1341751
1342231
1342314
1342552
1344858
1344908
1345328
1346747
1347495
1349755
1350976
1351415
1352194
1352886
1352919
1353972
1354045
1355732
1356951
1357362
1358442
1358530
1358997
1359185
1360846
1362470
1362642
1363000
1367063
1367612
1369584
1369736
1370714
1370743
1372549
1373611
1373896
1375572
1375610
1375789
1375979
1376118
1376546
1376786
1377680
1379590
1380972
1381422
1381629
1382143
1382372
1383252
1384263
1384713
1385457
1387092
1387319
1388502
1389103
1389289
1391551
1391911
1395881
1396747
1399435
1400456
1401605
1401716
1401773
1402638
1402695
1403104
1403901
1404827
1405351
1406431
1407254
1408855
1409044
1409852
1412614
1413865
1416911
1417194
1417862
1417977
1418028
1419694
1421510
1421704
1422114
1422600
1422755
1424201
1425020
1428167
1428384
1429854
1431353
1434731
1435789
1436020
1436328
1437820
1438303
1438973
1439286
1442254
1443470
1444368
1446199
1448759
1449163
1449410
1449616
1449859
1450185
1450505
1450714
1451814
1453173
1453942
1454863
1455401
1456228
1456763
1457451
1458015
1459599
1460463
1464306
1464974
1465832
1466514
1468376
1468422
1468703
1469878
1470056
1470557
1470744
1470833
1473349
1473370
1473711
1475155
1477488
1479336
1479527
1481285
1481982
1482783
1482882
1483694
1484521
1485067
1485403
1485767
1486901
1487295
1488402
1489520
1489548
1491938
1491976
1492391
1493454
1493739
1494596
1495421
1496149
1498580
1499428
1501904
1502112
1503067
1503433
1503773
1504085
1504732
1504775
1505301
1508559
1508608
1508910
1509284
1510758
1513625
1513821
1516059
1516569
1520966
1521727
1521858
1522956
1524470
1525079
1525939
1528647
1529418
1530309
1533322
1534907
1536033
1536990
1537037
1537594
1537621
1537735
1538562
1540568
1540591
1541046
1541167
1541735
1544567
1547041
1548054
1548315
1549143
1549930
1550836
1551599
1551869
1552870
1552935
1553219
1555341
1555389
1555455
1555457
1558041
1559247
1562219
1563396
1563413
1563418
1564857
1565943
1567200
1568519
1569200
1569357
1570745
1571143
1573306
1573383
1574185
1574974
1574991
1576811
1576935
1579185
1581887
1583232
1583734
1584688
1584898
1585832
1587644
1587897
1591289
1591374
1592147
1592267
1592721
1593720
1594918
1594957
1595088
1595682
1596470
1596792
1597474
1598304
1598705
1599685
1600114
1600743
1603332
1604299
1605148
1605796
1605903
1606563
1606991
1608425
1609061
1609488
1611614
1612500
1612643
1613193
1613328
1617287
1617835
1620781
1621147
1621333
1621492
1622044
1623034
1623454
1626064
1627036
1627157
1627525
1627662
1628095
1628479
1630579
1630647
1630972
1631303
1631379
1633544
1633742
1634936
1635352
1637423
1638568
1638672
1639977
1643144
1644317
1648057
1648416
1649268
1654418
1655331
1657293
1657510
1661703
1662314
1663978
1664752
1665646
1666910
1668713
1669796
1669989
1670455
1671433
1671706
1671792
1673565
1675262
1675922
1677113
1677662
1679638
1680200
1680696
1680805
1682037
1683546
1684699
1684754
1685278
1685324
1685618
1687497
1691141
1692078
1692112
1694245
1694257
1696102
1699325
1699540
1699737
1699801
1700177
1700763
1701663
1702825
1703667
1705068
1705711
1706631
1706990
1709529
1713190
1713285
1713888
1713938
1714758
1717575
1718855
1719790
1721046
1721257
1721571
1722021
1722102
1724336
1724515
1727198
1728802
1730418
1730747
1731818
1732472
1733334
1735577
1735596
1736172
1736806
1737993
1738351
1739915
1744525
1745688
1746154
1746776
1751864
1751924
1752921
1753815
1757293
1757861
1758488
1758776
1761087
1761661
1761798
1763108
1763268
1763595
1763820
1765769
1766095
1766120
1768001
1768943
1769754
1769861
1769987
1772773
1773060
1773213
1775324
1775748
1775772
1777841
1782903
1783415
1783650
1789270
1791480
1792540
1794034
1794446
1796226
1796958
1797211
1797603
1797820
1798399
1801370
1801682
1802937
1806203
1808156
1808443
1810025
1812552
1813403
1814695
1815275
1816133
1816388
1820333
1820813
1822787
1824576
1825308
1829095
1831422
1832699
1834404
1836321
1836655
1837027
1837505
1837759
1837819
1838576
1842592
1845355
1845583
1846466
1847471
1847495
1847629
1847643
1848051
1849171
1850822
1851473
1852216
1852893
1855215
1856113
1857214
1857529
1857849
1858156
1858215
1858850
1859746
1859760
1862555
1863784
1865046
1866221
1866243
1866385
1866911
1867637
1868591
1870955
1871782
1871902
1872628
1872639
1872747
1873399
1873626
1873683
1874792
1874918
1875442
1875633
1876093
1876928
1877723
1879509
1879696
1879741
1880659
1882489
1882652
1882961
1883263
1884245
1884451
1884456
1884590
1885726
1886299
1890118
1890420
1891271
1891367
1894223
1896354
1899090
1899567
1899687
1900864
1903825
1904528
1905233
1905425
1905438
1905560
1905701
1905795
1908859
1909050
1909413
1909810
1910666
1911522
1912325
1912840
1912852
1913291
1913349
1913859
1913896
1914006
1914339
1915318
1916381
1916571
1916908
1918041
1918338
1918481
1921520
1921986
1925015
1926964
1929380
1929911
1930533
1933315
1934536
1934660
1935146
1935536
1936345
1936348
1938704
1940305
1940624
1940691
1941713
1942590
1942855
1944593
1944968
1946796
1947139
1947345
1948813
1950482
1950656
1951167
1951298
1953572
1953733
1954007
1955581
1956229
1956300
1957015
1957297
1959863
1960230
1960609
1961027
1961127
1961259
1961396
1963932
1964000
1964399
1964713
1965397
1967725
1968152
1968275
1970389
1972231
1973246
1974407
1974435
1974521
1974785
1975160
1975667
1975706
1976929
1978397
1981483
1981581
1982933
1983218
1983795
1984405
1984550
1984687
1984952
1986037
1987808
1988710
1988834
1990785
1991852
1992702
1993421
1994346
1995631
1995944
1997869
1998134
1999023
2000772
2001749
2002197
2002686
2003472
2003594
2004189
2004270
2005167
2006243
2006778
2007977
2008201
2008641
2008768
2009978
2011301
2011370
2011620
2012912
2014110
2014389
2016356
2017426
2018058
2018778
2019718
2020312
2020476
2020809
2021363
2021549
2022370
2022578
2023989
2024171
2024646
2029868
2031388
2032101
2032246
2032970
2034383
2034918
2035513
2036963
2037755
2038127
2038712
2038867
2039208
2040206
2040246
2040417
2041641
2041744
2041751
2044349
2044492
2044693
2045380
2046056
2046383
2046479
2046610
2047741
2048882
2050906
2051254
2051325
2051509
2052713
2053105
2053651
2055083
2056902
2058799
2059292
2060865
2061631
2061679
2064203
2064394
2064491
2065684
2066742
2071779
2072659
2072872
2073051
2073546
2074328
2074961
2075281
2076520
2076974
2077608
2078627
2079762
2080991
2081438
2081613
2082456
2083340
2084273
2084757
2084954
2085724
2085802
2086907
2088067
2088637
2089959
2090692
2092049
2093265
2094051
2096467
2097462
2099925
2100490
2101162
2101781
2102238
2103276
2103541
2104197
2104590
2104730
2107607
2110012
2110023
2110435
2110451
2115638
2118959
2119593
2120109
2120961
2121484
2123597
2124661
2124762
2125308
2125552
2125754
2126057
2128637
2131300
2131951
2132005
2132238
2132492
2133068
2133582
2133793
2134975
2135503
2136898
2137129
2137574
2139167
2139943
2140401
2141356
2141591
2141711
2142000
2142916
2143404
2143512
2143774
2143943
2144318
2144403
2144531
2144567
2145250
2145277
2145760
2145864
2146055
2146336
2146872
2147220
2147689
2147854
2148622
2149571
2150431
2150609
2151380
2152006
2152622
2152951
2153742
2153802
2154641
2154761
2155516
2155922
2156534
2156716
2157243
2157524
2157753
2158081
2158173
2158725
2159554
2159577
2159728
2160148
2160679
2161096
2161757
2161988
2162001
2162967
2163281
2163808
2164156
2164326
2164761
2165003
2166762
2166837
2166880
2166993
2168317
2168525
2168558
2168618
2168816
2168882
2169227
2169580
2170709
2170802
2171733
2171956
2172060
2172098
2173962
2176152
2176222
2176695
2176865
2176985
2177163
2177210
2177493
2177516
2177729
2178019
2178187
2178304
2178799
2178913
2179410
2179586
2179775
2179979
2180424
2180606
2180649
2181126
2181235
2182412
2183541
2184067
2184332
2184365
2184741
2184803
2185069
2185742
2185775
2186244
2186402
2186473
2187584
2188598
2188608
2189067
2190063
2190148
2190560
2190608
2190694
2191163
2191404
2191552
2191839
2192435
2192592
2193405
2193576
2194000
2194020
2194730
2194877
2194920
2195106
2195416
2196514
2196564
2196743
2196995
2197763
2198021
2198605
2198897
2199532
2199759
2199820
2200312
2200539
2201095
2201543
2201709
2202016
2202076
2202861
2202909
2203467
2203866
2203961
2203969
2205632
2206106
2206252
2206392
2207064
2207870
2208956
2209613
2210012
2211130
2211243
2211584
2212063
2212946
2213090
2213759
2214794
2214943
2215320
2215958
2216643
2219669
2221004
2221227
2222428
2222494
2222516
2223107
2223548
2223824
2223924
2224046
2224056
2224265
2224786
2224985
2225139
2225533
2226579
2227451
2227719
2227859
2228242
2228517
2230153
2230182
2231559
2231822
2233108
2233184
2233214
2233278
2234037
2234443
2235141
2235565
2236592
2237224
2237337
2237487
2238289
2238427
2239279
2239372
2239385
2239697
2240070
2240151
2240871
2241047
2241237
2241321
2243197
2243919
2244386
2244472
2245906
2246025
2246552
2247043
2247334
2247461
2247958
2248219
2248932
2249792
2249995
2250106
2250483
2250768
2250935
2250973
2250976
2251026
2252063
2252125
2252151
2252612
2252646
2253202
2253442
2253607
2254493
2254805
2255306
2255663
2255744
2256265
2256948
2257464
2258853
2258889
2259491
2259654
2260371
2260376
2260847
2261059
2261171
2262221
2262938
2264239
2264320
2264353
2264594
2264958
2265160
2265281
2265695
2266704
2267006
2267291
2267546
2267560
2267600
2268269
2268765
2269016
2269605
2269990
2270043
2270295
2271628
2271782
2271841
2272055
2272446
2272836
2272895
2273242
2273287
2273339
2274231
2274342
2274379
2274538
2274670
2275056
2275490
2275871
2276023
2276161
2276598
2276626
2276914
2277290
2277897
2278372
2278566
2279122
2279366
2280026
2280257
2280308
2280480
2280773
2281303
2281481
2282898
2284243
2285123
2285530
2286135
2286424
2286492
2286796
2286865
2287324
2287618
2288129
2288374
2288467
2288711
2289074
2289734
2289842
2290634
2291135
2291813
2291850
2292091
2292928
2294281
2294652
2294875
2294938
2295727
2296134
2297461
2297999
2298258
2298657
2298987
2299284
2299517
2299608
2299656
2299763
2299864
2300168
2301179
2301269
2301367
2302157
2302181
2302380
2303445
2304558
2305072
2305201
2305358
2305627
2305743
2306437
2306654
2307048
2307093
2310104
2311843
2312636
2312682
2312852
2313511
2313920
2314471
2315174
2315498
2315778
2317816
2319293
2319566
2320068
2320820
2321139
2323330
2325052
2325623
2325947
2325993
2326293
2326901
2327809
2328496
2328935
2330107
2330163
2331002
2331458
2331883
2333566
2333857
2333973
2334281
2334513
2335041
2335231
2335320
2335646
2335759
2335941
2335986
2336582
2337091
2337291
2337626
2338972
2339191
2339619
2339671
2339730
2339783
2339787
2339897
2339954
2341937
2342361
2343024
2343095
2343378
2344845
2344941
2344972
2345871
2346596
2347314
2348093
2348277
2348443
2349421
2350078
2352064
2352536
2352848
2353032
2353347
2353443
2353614
2353773
2354086
2354478
2355810
2355879
2357025
2357138
2357676
2357862
2357945
2358056
2358364
2358986
2359495
2360535
2360557
2360803
2361692
2361825
2362233
2362280
2362411
2362900
2363014
2363171
2364287
2364296
2364351
2364868
2365196
2365668
2366137
2366479
2366657
2367375
2367627
2367699
2368060
2368101
2368103
2368199
2368217
2368539
2368797
2369641
2370248
2370381
2371447
2371559
2371742
2372085
2372228
2372644
2372724
2372892
2373075
2373365
2373532
2373855
2374048
2374111
2374926
2375045
2375165
2376037
2376382
2376476
2376538
2376687
2376908
2377242
2377441
2377597
2377822
2378545
2379021
2379683
2380002
2380055
2380412
2380413
2380785
2381706
2381909
2382530
2382644
2382909
2383141
2383670
2383752
2385131
2385663
2385727
2385938
2386123
2387098
2387838
2387879
2388308
2388457
2388476
2389616
2389865
2389872
2390060
2390305
2390586
2390785
2390861
2392148
2392438
2392489
2393479
2393861
2394209
2394249
2394282
2394912
2395239
2396109
2396243
2396459
2397026
2397597
2397846
2397883
2398110
2398268
2398303
2398421
2400444
2400479
2400753
2400862
2401374
2401639
2401784
2401855
2401858
2402179
2402560
2402708
2403025
2403029
2403605
2403708
2405133
2405428
2405555
2405626
2405832
2405866
2405876
2405953
2406203
2406329
2406403
2406856
2408077
2408241
2409813
2411489
2411558
2411708
2411882
2412065
2412135
2412361
2412383
2412649
2412848
2412854
2413551
2414459
2414568
2414852
2415182
2415629
2415692
2415895
2416196
2416246
2416690
2416790
2416865
2417196
2417230
2417372
2417727
2418205
2418207
2418324
2418453
2418464
2418835
2419352
2419720
2420899
2421481
2421516
2421751
2422211
2422266
2422371
2422467
2422551
2423180
2423428
2423607
2423700
2423975
2424232
2424594
2424617
2425085
2425498
2425610
2426195
2426356
2426489
2426759
2426798
2426811
2427263
2427550
2427583
2427589
2428246
2428658
2429321
2430206
2430274
2430618
2431390
2431595
2432433
2432647
2433287
2433352
2433937
2435659
2435973
2436664
2437368
2438125
2438260
2439137
2439298
2440114
2440436
2440864
2441386
2442313
2442526
2442818
2443106
2443574
2443656
2443928
2444349
2444463
2444699
2445363
2445528
2446353
2446915
2446985
2447330
2447848
2448567
2449665
2449774
2450129
2450345
2450414
2450435
2450704
2450709
2450815
2451446
2451784
2452070
2452100
2452203
2452372
2452393
2453255
2453307
2453504
2454749
2455724
2456377
2457017
2457077
2457282
2457905
2458106
2460203
2460603
2461064
2461294
2461501
2461534
2461690
2461720
2461841
2462113
2462600
2463027
2463253
2464413
2464910
2465275
2466257
2466808
2467470
2467475
2468003
2468266
2468422
2468427
2468884
2468922
2470078
2471497
2471840
2471886
2471896
2472187
2473244
2473321
2474941
2474975
2475517
2476069
2477200
2477633
2481701
2481720
2482719
2483827
2484739
2487226
2487868
2490415
2496400
2498058
2498407
2498458
2499664
2500663
2509266
2510746
2510867
2514869
2515073
2516198
2518613
2519771
2519828
2522099
2524720
2526490
2526985
2527378
2527407
2527557
2527559
2528162
2528234
2528256
2529312
2529518
2530512
2530603
2530694
2534998
2535118
2535174
2536638
2536758
2537970
2539551
2539819
2540109
2540129
2540954
2542365
2542695
2542821
2543116
2545732
2547917
2548340
2551052
2556672
2557668
2558916
2559316
2559657
2560878
2560894
2561338
2561380
2562954
2563188
2563514
2564288
2564727
2564878
2566606
2567240
2567868
2568080
2568635
2573007
2573287
2573383
2574129
2574460
2576557
2577242
2577409
2577512
2577718
2577765
2577933
2579626
2581544
2583335
2584762
2584953
2585013
2586570
2587125
2589547
2591761
2592348
2593510
2593586
2594374
2596466
2596759
2597102
2597198
2599255
2599566
2600008
2601033
2601345
2601423
2601533
2603326
2604639
2605175
2605267
2605616
2605633
2605859
2606781
2610781
2613236
2613818
2614010
2615834
2617250
2617419
2618167
2618827
2619986
2620941
2623489
2623536
2625330
2626045
2626797
2627074
2627876
2628829
2629040
2629101
2629184
2629877
2630551
2631160
2631569
2631975
2632987
2633395
2633885
2634321
2634696
2635153
2636133
2636334
2636523
2636614
2637871
2638603
2639430
2639625
2641776
2641850
2642475
2642684
2643067
2643328
2643702
2643963
2644694
2645199
2646522
2646649
2646940
2647468
2647527
2647733
2648825
2649031
2649340
2649727
2649736
2649774
2649811
2650740
2652402
2652430
2653537
2653614
2653712
2653788
2654324
2654427
2654551
2654780
2655033
2655081
2655736
2656581
2657225
2657595
2659148
2659447
2660328
2660341
2661104
2661864
2662994
2664530
2665076
2665161
2665166
2665815
2666247
2667061
2667371
2668538
2669735
2670089
2670310
2671339
2671750
2671900
2671936
2672112
2672176
2672238
2672846
2673012
2673050
2673956
2674566
2674836
2674901
2675539
2675886
2676169
2678698
2678891
2679193
2679215
2679440
2681065
2681180
2682154
2682830
2683372
2684484
2684675
2684903
2686601
2686701
2687388
2687534
2687635
2688318
2688562
2689294
2690276
2691508
2691609
2691650
2691662
2692354
2693525
2693611
2693730
2693909
2694186
2694398
2695084
2695259
2696226
2696903
2697563
2697597
2697894
2698767
2699196
2699404
2699480
2699606
2699885
2699948
2699984
2700277
2700734
2701088
2702439
2702499
2702638
2702806
2702993
2703788
2704218
2704426
2704982
2705017
2705197
2705669
2707410
2707503
2707587
2709136
2709703
2709796
2710455
2710507
2710701
2711329
2711495
2711659
2711886
2712268
2712712
2713060
2713313
2714406
2715704
2715973
2716206
2716993
2717076
2718200
2719441
2719964
2720340
2721178
2721251
2722210
2722509
2722634
2723576
2723848
2724464
2724530
2725386
2725411
2725701
2728023
2728197
2728635
2729133
2729527
2730207
2730879
2731268
2731368
2733393
2733733
2734761
2734818
2735580
2736245
2737318
2737405
2737560
2738264
2738333
2739380
2739821
2740247
2740408
2740705
2741045
2741173
2741228
2741456
2741820
2743171
2743659
2744692
2745956
2746110
2746904
2746987
2747543
2747728
2748593
2749068
2749766
2749854
2750095
2750765
2750973
2751955
2752291
2752444
2753243
2754837
2755615
2755988
2756848
2758276
2758719
2758985
2759052
2759212
2759253
2760597
2760650
2760673
2760712
2760997
2761067
2761408
2762045
2762628
2762772
2765557
2765581
2765583
2766441
2766593
2767071
2767549
2769209
2769305
2769518
2770018
2770544
2770547
2770723
2770809
2771155
2772964
2774460
2774531
2775009
2775115
2775462
2775529
2775541
2777150
2777713
2777928
2779444
2779683
2780374
2780973
2781020
2781109
2781159
2781365
2781674
2782045
2783441
2784090
2784519
2784865
2786601
2787156
2787271
2787415
2787578
2788243
2789053
2789751
2789835
2790229
2790402
2790685
2791352
2791459
2791535
2791737
2794478
2794508
2795106
2795269
2796401
2796485
2796736
2796926
2797076
2797437
2797530
2797844
2797953
2799768
2799981
2800129
2800293
2800967
2801102
2801136
2801344
2801397
2802144
2802456
2802727
2802731
2802977
2803614
2803664
2803774
2804328
2807235
2807511
2808282
2808912
2810831
2811112
2811323
2811330
2811354
2812674
2812781
2813218
2813953
2814112
2814283
2814777
2815111
2815367
2817763
2817937
2818387
2818807
2818945
2819585
2819923
2819956
2819974
2820504
2821168
2821538
2821654
2821783
2822416
2823115
2823402
2823640
2823745
2824012
2824449
2824592
2824804
2825570
2827538
2827809
2827866
2827931
2828571
2829315
2829758
2830155
2830183
2831008
2831080
2831352
2831465
2831784
2831911
2831980
2832871
2833929
2835262
2835636
2836564
2838047
2838334
2838337
2838365
2839102
2839195
2839228
2840363
2840785
2840914
2842472
2842518
2842798
2842874
2843494
2844143
2844357
2845747
2846243
2846341
2846710
2847133
2847926
2848420
2848443
2848546
2849318
2849957
2850152
2850803
2851207
2851212
2851370
2851412
2851530
2852924
2853434
2854091
2854140
2854783
2855738
2855798
2856511
2856771
2856821
2857074
2857463
2859983
2860005
2860484
2861199
2861720
2861802
2862209
2862738
2863788
2864301
2864915
2865124
2865591
2866138
2866227
2866583
2866800
2866927
2867233
2868372
2871173
2871462
2871517
2871718
2872149
2872182
2872301
2872445
2873944
2874538
2874826
2874862
2875071
2876591
2876813
2877175
2878026
2878921
2879070
2879114
2879261
2879679
2879729
2880077
2880364
2881200
2881881
2881891
2881988
2882341
2882515
2883075
2883661
2883771
2884042
2884417
2885056
2885802
2886426
2886449
2886806
2887127
2887243
2887365
2887404
2888370
2888524
2888621
2889186
2889356
2890317
2890345
2890802
2891384
2891964
2893222
2893371
2893581
2895154
2896196
2896243
2898113
2898512
2899139
2899163
2899353
2899462
2899517
2899627
2900913
2902439
2903855
2904251
2904653
2904661
2904703
2904770
2905107
2905487
2905987
2906027
2906457
2907143
2907179
2907416
2907876
2908016
2909259
2909285
2909865
2910516
2912005
2913553
2915592
2915821
2916236
2917373
2917458
2917549
2917559
2918244
2918293
2918303
2919985
2920881
2921000
2921030
2922212
2922338
2922839
2923988
2924343
2925247
2925665
2925888
2926429
2927094
2927265
2928422
2928465
2928521
2929473
2930298
2931989
2932070
2932279
2933199
2933516
2934525
2937118
2937744
2937921
2938242
2938631
2939079
2939208
2939322
2939564
2940255
2940399
2940677
2942374
2942769
2942903
2943415
2943761
2943785
2944475
2944868
2945373
2946758
2947189
2947259
2947803
2947871
2948245
2949215
2949838
2949987
2950111
2950217
2950799
2950822
2951006
2953057
2953344
2954112
2954232
2955850
2956537
2956635
2957642
2958060
2959239
2959759
2960015
2962435
2962681
2962775
2963444
2964174
2964261
2965003
2965773
2966812
2967508
2969503
2971294
2972259
2973406
2973769
2973956
2974090
2974786
2974854
2975405
2977003
2977374
2978000
2978313
2978342
2978652
2978810
2978861
2979191
2979288
2979395
2979837
2980073
2980206
2980942
2981339
2981527
2981678
2981878
2982322
2983009
2984549
2984589
2984629
2985950
2986223
2986466
2986533
2986647
2987675
2989054
2990774
2991654
2992185
2992223
2992356
2992672
2993493
2994009
2994943
2995668
2996365
2997138
2997176
2997630
2997674
2998000
2998668
2998960
2999534
2999708
2999781
2999838
2999893
2999901
2999970
3000250
3000881
3001470
3001487
3001860
3002311
3003249
3003796
3004084
3005066
3005260
3005587
3006104
3007384
3007582
3007632
3008120
3008395
3008747
3009477
3009506
3009682
3010562
3011227
3011331
3011980
3012351
3012436
3012458
3013624
3013646
3014453
3014691
3016529
3016549
3016751
3016898
3016908
3017122
3017536
3018510
3018569
3018610
3019354
3020125
3020339
3020349
3020688
3022920
3024006
3024030
3025785
3025803
3026529
3026939
3028524
3030069
3031247
3032491
3033602
3033992
3035017
3037498
3039039
3040856
3045599
3046300
3050753
3052309
3053182
3053842
3054112
3054503
3055063
3059015
3059882
3060253
3060357
3060980
3061201
3062501
3063641
3064315
3067039
3068207
3071167
3074591
3076194
3076365
3078356
3078704
3080908
3081888
3082276
3082397
3084959
3087191
3088855
3093749
3095658
3096553
3097874
3098105
3098344
3101757
3101841
3103797
3105587
3105695
3105864
3110167
3111823
3111906
3112140
3113596
3115460
3119086
3120041
3121608
3124970
3125442
3126925
3127463
3127907
3128571
3131636
3133668
3136137
3139803
3140144
3140232
3140664
3142530
3142538
3142960
3142961
3143423
3143543
3143679
3143711
3146258
3146347
3147514
3148478
3150597
3151322
3151709
3152967
3153849
3157360
3160046
3160371
3160515
3163494
3164725
3165632
3168231
3168255
3170084
3171550
3174304
3174724
3175483
3175872
3176147
3176591
3177404
3177487
3177784
3178105
3178195
3178635
3178654
3179761
3180094
3180636
3181306
3182297
3182705
3182847
3183006
3183547
3183889
3184802
3185083
3186142
3186662
3186810
3187042
3187100
3187826
3188824
3189024
3189052
3190572
3190945
3191274
3191609
3191738
3192161
3192178
3193137
3196503
3196706
3197787
3198349
3199976
3200784
3201031
3201174
3202353
3203061
3203513
3203569
3203597
3203603
3203933
3204938
3204987
3205692
3205846
3205963
3206186
3206921
3207460
3207604
3207622
3207641
3207666
3208336
3208461
3209387
3210176
3210354
3210630
3210888
3211048
3211445
3211724
3212980
3213041
3213072
3214747
3215274
3217091
3217946
3218380
3218542
3218792
3218908
3219411
3219478
3219831
3220101
3221104
3221127
3223154
3223720
3224422
3224777
3225053
3225647
3225735
3225929
3226600
3226860
3227048
3227728
3227884
3228633
3228961
3228998
3229289
3229513
3229682
3229964
3230429
3230734
3234147
3234670
3236185
3236278
3236715
3236859
3237782
3238659
3239562
3239952
3240303
3241066
3241530
3242057
3242343
3242680
3242789
3243241
3243608
3243695
3244065
3244369
3244520
3244948
3245230
3245379
3246376
3246403
3248061
3248630
3248771
3249222
3249520
3249696
3249784
3250072
3250133
3250554
3250779
3250806
3250818
3250992
3252089
3252450
3253228
3253322
3253584
3253887
3254414
3254451
3254599
3254670
3254775
3255195
3255859
3256426
3256828
3257061
3257505
3258357
3259134
3259291
3259422
3259983
3260238
3260938
3260991
3261065
3261090
3261645
3262389
3262427
3262806
3262816
3263594
3263755
3265044
3265582
3266345
3266523
3266559
3266935
3268112
3268183
3268307
3268409
3268602
3268701
3270049
3270092
3270618
3271195
3271720
3271968
3272067
3273055
3273124
3273225
3273980
3274610
3275806
3276540
3276755
3276791
3277287
3277289
3277640
3277832
3279467
3279660
3279821
3279934
3280335
3280389
3280517
3280544
3281641
3281663
3281815
3283727
3283991
3284628
3285978
3286927
3287024
3287668
3287680
3290816
3291446
3291664
3291930
3292506
3292564
3292992
3293730
3293775
3293842
3294036
3294048
3294145
3294179
3294586
3294788
3295115
3296552
3296720
3296842
3296846
3297044
3297393
3297624
3298069
3298466
3299220
3299427
3299616
3300451
3300959
3301162
3301362
3301845
3302662
3302859
3303917
3305046
3305076
3305666
3306345
3306944
3307020
3307089
3307215
3307568
3307771
3307876
3308341
3308702
3308823
3308898
3308917
3309804
3309875
3309898
3310368
3310414
3310809
3311659
3311982
3312081
3312256
3312333
3312975
3313803
3314134
3314496
3314571
3314817
3314911
3315013
3315791
3316155
3317265
3318842
3319624
3320569
3320980
3321001
3322583
3322640
3322887
3323036
3323304
3324123
3324339
3324411
3324655
3325539
3325762
3326167
3326436
3326491
3326773
3327112
3327178
3327227
3328100
3328156
3329157
3330091
3331566
3332097
3332167
3332212
3332225
3332729
3332941
3333237
3333579
3333582
3334517
3334938
3335822
3335846
3337533
3337824
3339268
3340290
3340330
3340518
3340845
3340863
3341484
3342162
3342189
3342213
3342339
3342668
3342817
3343415
3344652
3345174
3345707
3346947
3347368
3347592
3347866
3347956
3347957
3348057
3348232
3348592
3349189
3349217
3349255
3350135
3350891
3351050
3352450
3353227
3353576
3353715
3353781
3353910
3354194
3354375
3354663
3355198
3355600
3355965
3357449
3358383
3358647
3359430
3359668
3360202
3360538
3361972
3362013
3362121
3362483
3362675
3362716
3363365
3363715
3364266
3365394
3367363
3367501
3367613
3368133
3368609
3368891
3368927
3370020
3370815
3370828
3370972
3371478
3371533
3372266
3372279
3372876
3373251
3373483
3374272
3374279
3374582
3374874
3374878
3374924
3376342
3376608
3377469
3377656
3377672
3378876
3381509
3381895
3382291
3382352
3383139
3383603
3384137
3384479
3385185
3385392
3385520
3385531
3385575
3385845
3385876
3386563
3386588
3386601
3386837
3387934
3387966
3388064
3388340
3388526
3388841
3389416
3390166
3390427
3390670
3392247
3392349
3393403
3394055
3394095
3394422
3394937
3395181
3395205
3395535
3396152
3397260
3397335
3397732
3397998
3399202
3400138
3401502
3401682
3402034
3402300
3403339
3403511
3404671
3406119
3406510
3406931
3407046
3407268
3407471
3408843
3409079
3409331
3409626
3409979
3410486
3410492
3410861
3411231
3411258
3411804
3411935
3412429
3412736
3412747
3413359
3413772
3414030
3414941
3415927
3416632
3416695
3417312
3417832
3417950
3418182
3419267
3419627
3420190
3420621
3421123
3421495
3421679
3421875
3421904
3422684
3423968
3425138
3425194
3426813
3427503
3427532
3428141
3428152
3428347
3428700
3428817
3430968
3431255
3431419
3431463
3431610
3431611
3431946
3433368
3433952
3434717
3434939
3435040
3435222
3435320
3437109
3437219
3437345
3437395
3437406
3437416
3437546
3437835
3437886
3438257
3438861
3438995
3439176
3440386
3440631
3440676
3441043
3441159
3441506
3441616
3441793
3441877
3442592
3442857
3443043
3443103
3444878
3445524
3445645
3445660
3446772
3447031
3447279
3447796
3447852
3448464
3448502
3448598
3448838
3449162
3449307
3449720
3450301
3451160
3451264
3452790
3453144
3453474
3453739
3454194
3454200
3455186
3455758
3455883
3456175
3457111
3460711
3461069
3461684
3462535
3462600
3462621
3463097
3463437
3463663
3464115
3464199
3464244
3464942
3464965
3465520
3465646
3466895
3467895
3467944
3467983
3468986
3469305
3469812
3470430
3470838
3471110
3471555
3471926
3472050
3472970
3473100
3473402
3473995
3474520
3474981
3475126
3475246
3475378
3475826
3475930
3476206
3476384
3476686
3476898
3477360
3478712
3479158
3479696
3479723
3479808
3479818
3479850
3480459
3480748
3481200
3481790
3481940
3482180
3483674
3483779
3484192
3484376
3484553
3484599
3484665
3484839
3485901
3486929
3487154
3487199
3487209
3487452
3487625
3487706
3488137
3489081
3489205
3489294
3489423
3489812
3489989
3491662
3491719
3491752
3491885
3492384
3492830
3492881
3492997
3493224
3493541
3494325
3494699
3495146
3495664
3496198
3496253
3496322
3497229
3497456
3497957
3498346
3499396
3499542
3499874
3500900
3501129
3502663
3502889
3502929
3503573
3503910
3504427
3504477
3504707
3504769
3505231
3505793
3506301
3506913
3508394
3509092
3509954
3510217
3510372
3510728
3510829
3510905
3511336
3511708
3512472
3512665
3512872
3513136
3513328
3513626
3513749
3513969
3514523
3514745
3515076
3515799
3516137
3516481
3519900
3520048
3520615
3520967
3521170
3521492
3522163
3523002
3523311
3523510
3524126
3525380
3526856
3527816
3527895
3528194
3528272
3528999
3529127
3529394
3529792
3530114
3530476
3531078
3531190
3532067
3532427
3532758
3533600
3534243
3534787
3535175
3535505
3536505
3536725
3537434
3538639
3539160
3539664
3539710
3540426
3540683
3541230
3541234
3541571
3542801
3542842
3543539
3543593
3544294
3544901
3546591
3548430
3548583
3548666
3548960
3549436
3549747
3549800
3549946
3550557
3550939
3551627
3551809
3551855
3552402
3552970
3553064
3553524
3554675
3555382
3555411
3555432
3555544
3556512
3558064
3558160
3558271
3559081
3559215
3560217
3560568
3561077
3561118
3561413
3561488
3561985
3562128
3562424
3562445
3563038
3563133
3563751
3564556
3564805
3565262
3565389
3565563
3566119
3566286
3566543
3567044
3567111
3567734
3567762
3568172
3569464
3569674
3569769
3570049
3570131
3570279
3570357
3570380
3570745
3570898
3570971
3571057
3571293
3571639
3572351
3572418
3572786
3572898
3573070
3573965
3574255
3574974
3576015
3576583
3576705
3577280
3578009
3578117
3578238
3578409
3578870
3579072
3579303
3579318
3579593
3579832
3580422
3580700
3580814
3582337
3582694
3584197
3584857
3585133
3586593
3588311
3588424
3589676
3589771
3590838
3591019
3591268
3591793
3591947
3592047
3592641
3593575
3594307
3594349
3595361
3595479
3595885
3596632
3596702
3596811
3597780
3598832
3599220
3600126
3600138
3600647
3600867
3600962
3601428
3601584
3601774
3601810
3601834
3602042
3603976
3604520
3604680
3604716
3605645
3606041
3606206
3606318
3607939
3608615
3608656
3609630
3609872
3611399
3611465
3611820
3612266
3612926
3613391
3613660
3614443
3615634
3615909
3616438
3616686
3617349
3617809
3618718
3619202
3619555
3620453
3620865
3621385
3621480
3621584
3621681
3622100
3622589
3622958
3624053
3624594
3625291
3626016
3626446
3626847
3627693
3627880
3628046
3628142
3628155
3628302
3628494
3628525
3629041
3629087
3629213
3629720
3629873
3630394
3630395
3630512
3631238
3631594
3632364
3632407
3632833
3632921
3633073
3633782
3634211
3634328
3634647
3635647
3636223
3636274
3636478
3636639
3636696
3637003
3638408
3638884
3638967
3639632
3640334
3640517
3641647
3641880
3641884
3642013
3642034
3642310
3643662
3644424
3644958
3645090
3645575
3646727
3646909
3647520
3647715
3647926
3648229
3648321
3648690
3649226
3649528
3649549
3649896
3650008
3650294
3650531
3650931
3651220
3651384
3651762
3652049
3652282
3652316
3652921
3653206
3653230
3653974
3654366
3655329
3656074
3656452
3656732
3657049
3657542
3657663
3657690
3657874
3658036
3658623
3659115
3659302
3660179
3660279
3660720
3660903
3661277
3661434
3662295
3662895
3663663
3663993
3664395
3665014
3665515
3665536
3666072
3666368
3666582
3666901
3668145
3668651
3668902
3670248
3671320
3672918
3673146
3673707
3673769
3673885
3674050
3674748
3674949
3674979
3675471
3675760
3675840
3678756
3679074
3680053
3681424
3682045
3682982
3683543
3683825
3683921
3684095
3684392
3684594
3684646
3684810
3685820
3685921
3686270
3686727
3687588
3687976
3688102
3688475
3688863
3689051
3689641
3689753
3690074
3690547
3691577
3692622
3692735
3693363
3693521
3693905
3694167
3694310
3694779
3695036
3695150
3695295
3695767
3696021
3696063
3697103
3697249
3697256
3697299
3697683
3699186
3699233
3701873
3702052
3702062
3702109
3702599
3703184
3703274
3703352
3704530
3704757
3704772
3705243
3705307
3705395
3705963
3706264
3706657
3706718
3707008
3707067
3707194
3707204
3707401
3708029
3708194
3708583
3708839
3709062
3709986
3710097
3711435
3712068
3712428
3712867
3713054
3713694
3714639
3715072
3715232
3715305
3715682
3715878
3716688
3717612
3717704
3718129
3718139
3718783
3718802
3718953
3719647
3720072
3721053
3726473
3726991
3730523
3734556
3735452
3735786
3742092
3742361
3745989
3746316
3747158
3747768
3750702
3753031
3754102
3755657
3757122
3758817
3759696
3761194
3761200
3766006
3766783
3767346
3768396
3773850
3775441
3776199
3776342
3777871
3781625
3783456
3783884
3786811
3787120
3793880
3795122
3795287
3800671
3801790
3803449
3803659
3805323
3805334
3805917
3806013
3810778
3812729
3813652
3814196
3815021
3818676
3819659
3820906
3820910
3821224
3822975
3823381
3824072
3827599
3830639
3830706
3831377
3833032
3833853
3836392
3837781
3838047
3840568
3842426
3843110
3844200
3846065
3849398
3855399
3857010
3858016
3858074
3859338
3862589
3862779
3863290
3863294
3864389
3864536
3867529
3868464
3869323
3870125
3870994
3872028
3872277
3872965
3873070
3873104
3875324
3876456
3877788
3877863
3878090
3879902
3880483
3881401
3882125
3882725
3883675
3884723
3887301
3888440
3890580
3891208
3891336
3891571
3892278
3892861
3895408
3897001
3898285
3898833
3900026
3900325
3900612
3901558
3902064
3902214
3902592
3902768
3903185
3904487
3904491
3905681
3906127
3907591
3908140
3909301
3909377
3909384
3910533
3912438
3913074
3915434
3915693
3917222
3918773
3919870
3920799
3920920
3921424
3922524
3922643
3922743
3925446
3927123
3928589
3928872
3930410
3930922
3941602
3943732
3944028
3944040
3946571
3948050
3948389
3949094
3949421
3950363
3953314
3953614
3953823
3953954
3954136
3955501
3955602
3955930
3957450
3957763
3958253
3959247
3961493
3961907
3962068
3962534
3963135
3964154
3964379
3964467
3964856
3965193
3965640
3965902
3966890
3967052
3968337
3969256
3969601
3969724
3972077
3974774
3974906
3975475
3975952
3977172
3978329
3980273
3982128
3982539
3988123
3988771
3994763
3995216
3996080
3996626
4001179
4001201
4001269
4001905
4002393
4002683
4002946
4003004
4004020
4007591
4009186
4009241
4010713
4011448
4011799
4012929
4015365
4015904
4016185
4016872
4017886
4017901
4017902
4020937
4021578
4021710
4023031
4024726
4025170
4025223
4026328
4027268
4028641
4028727
4029514
4030498
4030972
4031169
4031203
4032127
4033181
4033873
4034644
4035037
4035692
4036455
4036527
4036807
4037861
4038041
4038110
4038298
4039103
4039476
4042035
4043230
4043595
4044231
4045313
4045378
4045460
4046879
4048735
4048791
4049125
4049168
4049524
4049645
4049825
4050393
4051465
4052785
4053592
4053900
4056772
4057298
4057534
4057637
4058229
4058269
4058320
4059378
4061236
4061383
4064590
4065292
4065623
4065844
4067162
4068267
4072975
4075948
4077085
4077596
4077625
4079997
4080872
4081067
4082442
4083694
4084760
4085274
4086951
4088086
4088301
4088417
4089052
4089428
4090353
4091142
4091320
4091869
4093283
4094901
4095051
4095877
4096153
4096620
4097412
4098895
4099440
4100153
4100506
4100574
4100952
4104720
4106834
4107729
4108687
4108913
4111434
4113271
4113309
4114027
4114063
4114157
4114595
4115989
4116329
4117830
4118121
4118909
4118962
4119864
4119884
4121454
4121829
4121956
4122035
4122577
4124864
4124871
4125947
4126333
4127245
4127809
4127870
4127947
4129934
4129997
4130719
4132609
4132978
4133576
4134021
4134136
4134311
4134348
4134498
4136916
4137673
4137960
4138447
4138952
4140043
4140433
4141186
4141666
4142285
4142566
4142626
4143877
4144271
4145082
4145464
4146053
4146662
4147046
4147125
4148091
4148266
4148302
4148729
4149867
4150744
4150836
4151333
4151512
4151951
4152823
4153533
4154291
4154472
4154699
4154764
4155212
4155627
4156157
4156467
4156512
4156642
4156901
4157056
4157302
4157517
4158326
4159270
4159450
4159821
4159826
4160036
4160086
4160397
4160588
4162198
4162206
4162400
4163356
4164048
4164367
4164563
4164573
4164660
4165912
4165995
4166891
4167180
4168513
4169152
4169440
4169459
4169711
4169952
4170590
4170944
4172600
4172758
4173131
4173579
4173782
4173783
4173960
4174164
4175159
4175879
4175997
4176580
4176680
4176841
4177117
4177149
4177495
4177825
4178485
4179475
4179596
4180079
4180418
4180822
4182046
4183194
4183538
4183714
4184478
4184506
4184533
4184695
4184846
4184940
4185426
4185879
4186303
4186998
4188119
4188419
4189212
4189318
4189346
4190833
4191341
4191388
4191447
4191674
4192928
4192956
4193743
4194118
4194291
4194873
4195196
4195657
4195958
4197114
4197332
4199326
4200149
4200404
4200937
4201427
4203044
4204582
4204881
4205773
4206145
4206224
4207298
4208268
4208314
4208627
4209038
4209141
4210113
4210562
4210885
4212712
4213574
4213786
4214094
4214386
4215583
4216017
4216458
4217890
4217891
4218508
4218563
4220486
4220672
4221161
4221330
4221805
4222097
4222710
4222730
4223556
4223770
4223832
4224504
4224922
4226636
4226681
4228010
4228122
4228637
4228643
4228755
4229857
4230210
4230390
4230702
4231382
4231849
4232403
4232453
4233575
4233872
4234130
4234594
4234845
4235402
4235895
4236102
4236259
4236402
4237002
4237412
4237563
4238004
4238084
4238223
4238600
4238951
4239527
4239649
4240691
4240701
4240955
4242141
4243534
4244878
4245831
4246538
4246607
4246608
4247144
4247695
4249486
4250923
4251213
4253212
4253360
4253408
4253840
4254365
4254663
4254785
4254796
4254867
4255218
4255395
4255539
4255794
4256140
4257367
4258274
4259038
4259094
4259126
4259316
4259393
4260080
4260217
4261238
4261530
4261567
4263803
4264998
4265125
4265148
4265448
4265708
4266477
4266924
4267609
4268373
4268549
4268853
4270192
4270256
4270536
4271137
4272951
4273234
4273522
4275297
4276040
4276103
4276655
4277327
4278170
4278245
4279022
4280616
4281696
4281968
4282020
4283536
4283553
4283657
4285062
4285180
4285366
4285548
4286024
4286070
4286085
4287185
4287822
4288333
4288488
4288987
4289849
4291652
4292658
4293244
4294004
4296401
4298109
4298235
4298500
4298521
4299146
4299501
4299964
4300306
4300383
4300434
4300855
4301146
4301486
4302643
4304100
4304320
4304698
4304951
4304959
4305048
4306026
4306272
4307261
4308427
4309328
4309537
4311242
4311832
4314082
4314913
4315589
4315769
4316006
4316186
4319119
4319195
4319384
4319715
4319794
4319855
4320365
4320427
4321160
4322045
4322333
4322423
4324043
4325314
4325842
4326350
4326406
4327105
4327832
4327997
4329065
4329554
4329634
4330792
4330900
4330942
4332466
4332490
4332899
4333079
4333537
4333891
4333946
4335157
4335495
4335512
4335823
4336585
4336875
4337728
4337912
4338409
4338893
4338968
4339168
4339732
4339874
4340220
4340234
4342133
4342493
4342664
4344077
4344137
4344276
4344330
4345138
4345926
4346167
4346709
4346738
4347036
4347061
4347356
4347523
4347720
4349993
4350222
4350757
4350817
4351117
4351605
4351737
4352378
4352563
4352661
4352902
4352989
4353241
4354244
4355253
4355730
4355873
4356146
4357278
4357348
4358481
4358973
4359046
4359154
4359378
4359383
4359876
4360927
4361585
4362407
4362829
4363316
4364079
4364115
4364175
4364449
4364732
4364927
4365419
4365685
4366091
4366727
4366928
4367142
4368409
4369164
4370143
4370840
4371486
4372310
4373889
4373982
4374056
4374243
4374265
4374334
4374724
4374879
4375068
4375217
4375231
4375421
4375688
4376506
4376731
4377710
4377896
4377907
4378179
4379117
4379251
4380322
4380845
4380852
4380854
4380977
4380987
4382362
4383247
4383509
4383944
4383996
4384169
4384586
4385182
4385398
4386187
4386358
4386784
4386922
4387440
4387584
4388232
4388579
4388610
4388846
4389329
4389451
4390737
4391082
4391480
4391497
4392226
4392815
4392883
4393243
4393260
4393430
4393697
4394543
4394547
4394797
4394851
4395560
4395882
4395908
4396086
4396210
4396609
4396857
4397098
4397689
4397824
4398086
4398537
4399090
4399812
4400238
4400633
4401444
4402421
4402461
4403037
4403092
4403343
4404059
4405494
4405666
4406670
4407431
4407978
4408370
4409366
4409773
4409822
4410369
4410753
4411119
4412362
4412423
4412893
4414839
4415186
4415662
4415691
4416623
4416882
4417183
4417687
4418254
4421806
4422117
4422676
4423167
4423748
4423913
4424071
4424419
4424678
4424836
4425013
4425018
4425751
4426161
4426575
4428030
4428396
4429287
4429903
4430355
4430430
4430480
4433170
4433223
4433503
4433855
4434275
4435346
4435593
4435657
4436373
4436950
4437082
4437179
4438813
4439617
4440141
4440478
4440528
4441668
4441926
4441937
4441981
4443004
4443117
4443471
4443542
4443813
4445143
4446220
4446247
4446664
4446941
4447352
4447729
4448088
4448379
4448701
4449169
4450167
4450547
4450849
4450900
4451683
4451900
4452148
4452336
4452697
4452875
4453260
4453864
4454527
4455598
4456169
4456313
4456560
4456977
4458226
4459808
4461713
4461728
4462230
4462411
4463712
4463867
4464853
4464955
4465375
4466585
4466648
4468176
4469467
4469487
4471125
4471644
4471807
4472132
4472329
4472722
4472743
4474047
4474246
4474336
4475564
4475717
4476153
4477246
4477481
4479740
4480159
4480347
4481315
4481589
4481909
4481970
4482055
4482132
4482565
4482801
4483149
4483801
4484317
4484516
4485103
4485152
4486577
4486616
4487132
4487561
4487775
4487802
4488614
4488627
4489271
4490234
4490501
4491141
4491376
4491679
4492511
4492577
4492825
4495228
4495612
4496856
4497574
4498234
4498845
4499089
4499900
4501753
4502136
4503685
4503832
4503895
4504621
4504924
4505287
4506449
4506897
4507546
4508512
4508557
4508587
4508735
4509117
4509477
4509776
4510228
4510702
4510964
4512015
4512600
4513502
4513533
4513561
4514127
4514224
4514707
4515255
4515580
4515751
4516242
4516412
4516479
4516695
4517543
4518019
4518194
4518740
4519178
4519209
4520085
4520310
4521025
4521227
4521517
4521606
4521863
4522314
4522531
4524886
4525878
4526991
4527329
4527856
4528272
4529730
4530336
4530792
4531085
4531098
4531765
4532176
4532445
4532511
4532627
4534530
4536035
4537142
4537672
4538085
4539978
4540350
4540489
4540967
4541493
4542402
4542479
4542709
4543740
4544705
4545087
4545660
4545994
4546149
4546432
4546770
4546809
4548845
4550263
4550654
4550670
4552350
4553077
4553536
4554029
4555189
4556588
4556624
4556842
4557021
4558695
4558934
4559074
4559126
4559628
4560162
4560878
4561280
4561339
4561364
4561634
4562231
4562995
4564459
4564903
4565800
4566680
4567330
4568609
4568866
4568963
4570456
4570644
4571309
4571607
4572405
4572480
4573166
4573642
4574341
4575610
4576572
4576773
4576863
4577723
4578295
4578474
4578721
4579125
4579233
4579661
4580618
4580961
4581286
4581596
4581615
4581673
4581713
4582274
4582383
4582675
4582960
4583136
4584636
4585671
4585872
4587077
4587667
4587988
4588110
4588360
4588935
4589404
4589457
4589628
4589928
4591408
4592144
4592228
4592400
4592891
4594458
4594680
4595741
4596333
4596346
4596656
4597919
4597926
4598249
4598437
4599069
4599669
4599852
4601229
4601943
4602326
4602431
4603399
4603517
4604117
4604579
4604864
4606015
4606244
4606322
4606640
4606724
4606767
4607081
4607230
4607332
4607798
4608660
4608826
4608950
4608957
4609097
4609657
4609890
4609915
4611198
4611356
4612172
4612377
4613371
4614167
4614379
4614691
4615362
4615575
4616133
4616281
4616791
4617040
4617074
4617917
4618496
4619004
4619171
4619840
4620145
4620553
4620682
4620766
4620788
4620834
4621055
4621076
4621958
4622404
4622571
4623017
4623921
4626433
4626651
4627083
4627165
4627314
4628847
4630123
4631345
4632035
4633675
4633877
4634363
4634420
4634953
4635162
4635372
4635533
4635560
4636006
4636124
4636566
4636798
4636884
4636943
4639316
4639490
4639644
4641667
4642001
4642607
4642723
4642860
4643460
4643662
4643770
4643856
4644535
4644736
4645767
4645790
4645812
4646016
4648291
4648921
4649024
4649385
4649503
4650333
4650873
4651761
4653075
4653898
4655218
4655703
4658812
4659315
4659605
4659716
4660006
4661048
4661142
4661567
4661611
4661845
4662085
4662768
4663962
4664532
4665128
4665433
4666187
4667357
4667615
4667788
4669385
4669690
4669788
4670658
4671137
4671566
4671967
4672011
4672466
4672473
4673500
4673916
4675060
4675180
4675381
4675572
4675978
4676008
4676716
4677472
4677599
4677600
4677877
4677892
4677985
4678077
4679150
4679559
4679805
4680063
4680139
4680189
4680448
4680552
4681037
4681092
4681308
4681783
4681811
4682721
4682793
4683605
4683666
4683942
4684058
4684614
4685331
4685934
4686710
4687694
4688432
4688442
4689101
4689553
4689826
4690040
4690184
4690208
4691179
4691209
4692181
4692577
4692740
4693113
4693496
4694157
4695097
4695708
4697176
4697427
4698431
4698522
4698664
4698732
4699377
4700573
4700598
4701408
4702518
4702959
4703006
4703341
4703743
4705233
4705341
4705885
4706254
4707675
4708080
4708894
4709343
4709689
4710188
4711021
4711733
4711744
4711840
4711888
4713207
4713500
4713995
4715290
4715807
4715975
4716137
4716413
4717579
4718127
4718329
4718609
4718710
4719184
4719225
4720382
4721384
4723035
4723262
4723495
4723541
4723547
4724168
4724351
4724634
4724845
4724900
4725107
4725686
4725827
4726146
4726350
4726493
4726903
4727619
4730253
4730301
4730513
4730719
4732018
4733862
4733973
4735186
4735817
4736227
4736372
4737035
4737773
4738323
4739014
4740269
4740372
4740929
4740987
4741144
4741323
4741650
4741917
4742676
4742691
4742910
4742983
4743088
4743159
4743252
4744077
4744470
4744745
4745412
4745819
4748066
4748477
4748698
4750788
4750845
4751186
4751463
4752345
4752550
4753067
4753835
4754153
4754182
4754217
4755817
4758488
4759671
4760958
4761198
4763794
4764405
4764821
4764975
4765125
4765851
4767929
4768821
4768893
4769033
4771286
4771299
4771879
4772516
4772641
4772919
4772970
4773707
4774125
4775325
4775326
4775366
4775420
4775706
4775746
4776003
4776076
4776113
4776304
4777220
4777694
4778710
4778833
4778843
4779018
4779908
4780095
4781346
4781481
4782516
4782670
4782794
4783124
4783125
4785304
4785394
4785535
4787419
4787653
4787945
4788918
4789487
4790933
4791208
4791416
4791879
4791947
4792133
4792213
4794401
4794515
4795936
4796009
4796201
4796560
4797908
4797920
4798204
4798308
4799138
4799685
4799793
4799861
4800488
4801049
4801731
4802464
4802465
4803245
4803699
4803957
4804581
4807648
4807700
4808789
4809103
4809208
4809413
4809682
4809949
4810323
4810601
4811223
4811472
4811596
4812256
4812304
4812506
4813101
4813213
4814117
4814443
4814688
4815289
4815564
4815782
4815939
4815947
4816949
4817042
4817138
4817602
4817892
4818610
4819299
4819630
4820118
4821336
4821433
4821635
4821955
4822027
4822274
4822395
4822501
4822707
4822918
4822968
4823778
4823979
4825177
4825546
4825961
4826748
4827250
4827461
4827479
4828718
4828769
4829331
4830487
4831226
4831520
4832216
4832793
4833269
4833524
4833721
4833778
4833863
4833914
4834624
4834835
4835762
4835763
4835882
4836338
4836701
4837309
4837410
4838351
4838619
4838703
4838767
4838897
4839803
4840094
4840478
4840925
4842576
4843284
4843630
4843838
4844238
4844542
4844559
4845361
4845795
4845881
4845935
4845958
4847589
4847992
4849017
4849247
4849694
4850623
4851374
4851820
4852086
4852371
4855208
4855623
4855872
4856585
4856665
4856763
4856913
4857148
4858288
4858553
4858624
4859514
4860057
4860263
4860292
4860887
4862411
4862585
4862762
4863536
4864687
4865091
4865603
4865991
4866540
4866653
4867356
4867691
4867834
4867875
4868063
4868355
4868540
4868575
4868590
4868699
4869023
4869032
4869523
4870393
4870760
4871388
4871879
4871953
4872055
4872227
4872543
4873485
4874049
4874225
4875135
4875380
4875574
4875687
4876100
4876516
4878223
4879170
4879251
4880134
4880207
4880286
4880983
4881315
4884354
4891651
4892613
4893007
4893942
4897947
4902022
4903270
4903738
4906685
4907224
4911257
4911859
4918113
4918504
4919411
4919529
4920598
4921674
4924409
4924855
4925629
4930089
4930829
4932215
4932549
4933839
4935211
4936998
4937961
4938163
4939738
4942656
4943397
4943539
4943568
4943717
4944254
4944893
4946770
4948798
4949901
4951072
4953055
4953559
4956972
4958195
4960076
4960791
4961586
4961853
4963750
4965089
4967035
4969590
4970855
4971175
4972249
4974234
4977777
4981026
4981774
4983202
4987918
4989108
4989560
4991679
4991875
4993009
4995192
4997444
4998068
4999933
5001443
5001886
5002864
5006068
5006071
5011000
5011584
5014522
5015016
5015348
5016117
5016481
5017113
5017529
5017552
5017813
5018038
5018779
5019318
5019331
5019376
5021159
5021727
5021843
5022677
5022754
5022802
5023002
5023404
5024930
5025043
5025099
5025464
5027000
5027278
5027384
5027938
5028659
5028936
5029155
5030591
5031802
5033046
5033095
5033446
5033794
5035073
5035807
5036211
5037320
5037514
5037672
5038006
5038008
5038032
5038825
5039246
5039812
5039913
5040344
5040739
5040849
5041056
5041220
5041906
5042423
5042618
5042745
5042936
5043299
5043451
5043482
5043730
5043795
5044174
5044258
5044446
5044454
5044497
5044722
5044729
5045478
5045875
5046215
5047139
5047818
5048262
5049663
5050093
5050123
5050347
5050409
5050665
5052551
5052723
5053049
5053311
5054664
5055100
5055198
5055268
5055683
5055718
5055859
5055979
5057244
5057293
5057586
5058066
5058533
5058645
5060147
5060597
5061422
5061433
5061468
5061872
5061893
5062109
5062314
5062746
5062867
5063165
5063845
5064263
5065222
5065430
5066062
5066487
5066827
5067538
5067642
5068358
5069286
5069367
5069439
5069608
5069791
5070345
5070358
5071257
5071559
5071702
5072056
5072245
5072263
5072965
5073128
5073225
5073812
5073978
5074837
5075138
5075409
5075536
5075837
5076915
5077046
5077173
5077351
5077531
5077586
5077943
5078202
5078389
5078628
5078906
5079659
5079915
5081110
5081686
5082166
5082260
5082489
5082586
5082921
5083126
5083317
5083384
5083626
5083848
5083941
5084556
5085065
5085119
5085600
5085708
5085726
5085813
5086905
5087632
5087644
5087690
5088005
5088328
5088579
5089750
5090024
5090764
5090879
5091902
5092138
5092320
5093332
5093888
5094250
5094449
5095044
5095212
5095567
5095807
5096671
5097508
5097882
5098187
5098700
5099026
5099614
5099632
5099680
5099874
5100036
5100705
5101231
5101367
5102025
5102131
5102305
5102394
5102534
5102746
5102949
5103397
5106567
5107117
5107180
5107223
5108324
5108701
5109590
5110280
5110318
5110910
5111079
5111362
5111474
5111856
5112834
5112968
5113062
5113520
5113694
5114106
5114306
5114504
5115200
5115642
5116214
5116981
5117131
5118638
5119741
5119964
5120173
5120376
5120571
5121959
5122538
5122905
5123165
5123174
5123494
5125015
5125247
5125554
5125972
5126599
5126605
5126719
5127126
5127194
5127572
5127633
5127903
5128426
5128505
5129605
5129609
5130688
5131033
5131520
5132236
5132952
5134044
5135657
5135767
5136109
5136279
5136315
5136358
5136560
5137448
5138201
5138444
5138600
5138672
5139301
5139635
5139840
5140703
5141460
5141936
5142071
5142671
5142955
5143048
5143589
5143845
5144417
5144924
5145168
5145209
5145914
5146109
5147940
5148361
5148801
5149191
5149923
5149962
5150046
5150124
5150397
5150742
5152001
5152180
5152469
5154003
5154062
5154238
5154912
5156046
5156086
5156179
5156282
5156365
5156705
5156831
5157168
5157431
5157835
5158502
5158675
5158789
5158925
5159047
5159121
5160061
5161031
5161541
5161691
5162644
5163092
5163274
5163866
5164477
5165311
5165497
5166483
5166845
5167313
5167564
5167714
5168279
5168509
5168553
5168784
5168844
5169475
5169877
5169901
5170862
5171077
5171335
5171563
5171627
5172673
5173421
5173546
5173963
5174132
5174688
5174759
5175154
5175513
5176014
5176137
5176345
5176678
5177150
5177302
5178236
5178989
5180101
5180130
5180558
5183214
5183437
5183582
5184480
5184675
5184773
5186176
5186956
5187908
5188719
5189450
5189877
5190677
5191304
5192913
5193380
5193554
5194189
5194195
5194643
5194771
5194798
5194912
5195115
5195495
5195787
5196064
5196123
5197067
5198248
5198346
5198952
5199185
5199227
5199257
5199593
5199847
5200634
5201260
5202027
5202314
5202554
5204632
5204655
5205777
5206392
5207889
5208441
5208611
5208866
5209012
5209698
5210254
5210666
5211726
5212121
5212360
5212814
5213279
5213286
5213443
5214604
5214926
5215368
5215900
5216095
5216464
5216598
5216900
5217617
5218111
5218571
5219143
5219217
5221438
5222076
5222295
5223060
5223460
5223558
5223565
5223577
5223860
5223952
5224559
5225338
5225710
5227009
5227102
5227178
5228681
5230099
5230665
5231174
5231323
5231597
5231701
5231873
5232239
5232283
5232409
5232629
5233457
5233867
5234203
5235005
5235325
5235685
5235703
5236216
5236574
5237277
5237448
5237742
5238230
5238448
5238719
5238938
5239046
5239216
5239443
5239486
5239764
5239969
5240394
5240899
5241116
5241544
5241991
5242140
5242386
5242589
5244988
5245100
5245601
5245944
5246154
5246370
5246404
5246662
5246689
5248248
5249211
5249456
5250621
5250999
5251142
5251232
5251642
5251893
5252245
5253275
5253907
5253948
5253974
5254261
5254516
5255088
5255589
5255932
5256656
5256719
5257206
5257528
5257695
5258159
5258195
5258368
5258531
5258901
5259020
5259987
5260639
5260648
5261150
5261619
5262198
5262237
5263109
5263223
5264192
5264254
5265161
5265641
5265803
5266651
5266750
5267017
5267054
5267374
5267857
5267902
5268507
5268663
5269056
5269274
5271872
5272334
5272438
5272707
5273168
5274270
5275087
5275088
5275424
5275958
5276574
5277302
5277697
5278034
5278085
5280276
5280683
5280828
5281233
5281240
5281774
5281830
5282378
5282636
5283025
5283679
5283892
5284253
5284426
5284459
5284870
5285091
5285397
5285468
5285514
5285899
5285991
5286263
5286326
5286991
5287032
5287533
5289269
5289353
5289505
5290167
5290952
5291952
5292555
5292678
5292729
5293126
5293611
5294527
5295395
5296109
5296199
5296763
5297570
5297897
5298241
5298341
5298524
5298632
5299962
5300717
5300799
5301555
5302245
5302964
5304374
5304649
5304883
5305294
5305531
5305562
5305627
5305803
5305884
5307091
5307573
5308103
5308488
5309387
5309436
5310005
5310482
5310510
5310663
5311337
5311621
5313575
5313785
5314003
5314637
5314668
5314894
5315382
5315658
5315794
5315960
5316922
5317030
5317117
5317293
5317897
5318187
5318220
5319153
5319887
5320143
5320942
5321221
5321933
5323518
5323862
5324896
5325212
5325260
5325904
5325932
5326243
5326351
5326455
5326749
5328292
5328362
5328431
5328762
5328795
5330788
5331132
5331165
5331946
5332469
5333481
5334674
5334711
5334810
5335041
5335119
5335589
5335764
5336833
5337017
5337027
5338051
5338414
5338737
5339316
5339448
5339772
5340247
5341281
5341359
5341651
5341706
5342228
5342734
5342772
5343052
5343200
5343414
5343455
5343860
5344973
5345353
5346017
5346548
5347532
5347918
5347986
5348204
5348340
5348445
5349374
5349398
5349648
5349746
5349865
5350148
5350272
5350714
5350891
5351143
5351186
5351534
5352209
5352607
5352952
5352999
5353083
5353136
5353161
5353914
5353992
5354233
5354260
5354303
5354472
5355090
5356179
5356189
5356401
5356491
5357036
5357308
5357370
5357958
5358144
5358483
5358925
5359190
5359265
5359669
5359977
5360486
5360650
5360751
5361252
5361813
5361840
5361986
5362407
5362620
5363152
5363398
5363453
5364026
5364075
5364078
5364340
5364636
5364700
5364753
5364789
5364909
5365505
5365635
5366407
5366619
5367042
5367285
5367406
5367827
5368231
5368505
5368692
5369346
5370356
5370395
5370779
5370804
5371161
5371684
5371948
5372238
5373922
5374006
5374079
5376379
5377271
5377827
5378999
5379015
5379311
5379667
5379687
5380313
5380393
5381712
5381773
5381905
5382104
5382356
5382467
5382863
5383448
5384163
5384220
5384466
5384661
5384775
5385236
5385601
5385752
5386124
5386355
5386648
5386844
5387802
5388674
5389801
5389833
5390935
5391098
5391624
5391656
5392673
5392749
5393485
5394299
5394348
5394599
5394805
5394812
5395166
5395492
5395561
5396067
5396550
5396796
5397048
5397147
5397409
5397925
5399124
5399860
5400130
5400657
5401041
5401169
5401217
5401226
5401308
5401470
5401508
5401785
5401994
5402483
5402522
5402978
5403529
5404136
5404552
5405001
5406096
5406162
5406325
5406545
5406832
5407029
5407957
5408470
5408576
5410316
5410611
5410775
5411449
5411991
5412411
5413152
5413909
5414075
5416727
5416736
5417733
5417878
5417898
5418087
5420996
5421606
5422021
5422329
5422941
5423591
5425993
5426291
5427562
5427860
5428027
5428701
5428905
5429275
5430061
5430337
5430349
5431400
5431599
5431853
5432098
5432487
5432816
5432916
5433638
5433899
5434192
5434248
5434327
5434359
5434730
5435187
5435319
5435640
5435913
5436006
5436232
5436366
5436526
5437335
5437869
5438376
5439668
5439986
5440409
5440514
5441729
5441798
5442305
5443136
5443220
5444141
5444917
5444983
5445365
5445710
5446066
5447701
5448221
5448957
5449250
5449520
5449537
5449672
5449896
5450228
5450753
5451017
5451701
5451733
5451752
5452210
5453192
5454053
5454823
5455212
5456549
5456574
5457161
5458487
5459309
5459463
5459795
5459900
5460994
5462424
5463181
5464444
5464638
5465039
5465177
5465817
5465923
5466003
5467335
5467404
5468253
5468413
5468691
5469992
5470163
5470300
5470753
5470852
5471083
5471220
5471610
5471891
5472015
5472435
5472635
5472875
5473587
5473857
5473947
5475590
5476010
5476101
5476521
5476619
5477744
5478018
5478338
5478884
5479027
5479733
5480087
5480410
5480546
5480853
5480968
5481263
5481626
5482272
5482378
5482542
5482762
5483258
5483375
5483878
5484544
5485430
5485571
5485724
5486374
5486862
5487210
5487274
5487304
5487448
5487829
5488685
5488955
5489078
5489572
5489760
5490293
5491611
5491812
5492911
5493004
5493303
5493373
5493711
5494233
5494551
5494920
5494976
5495726
5495762
5495896
5496104
5496141
5496606
5496926
5497278
5497779
5497786
5497814
5497896
5498466
5498919
5499688
5499702
5500459
5501643
5502016
5502257
5502332
5502831
5503802
5504220
5504286
5505191
5505241
5505784
5505821
5506266
5506269
5506350
5506638
5507244
5509798
5510120
5510125
5510215
5511410
5511934
5512346
5512459
5512492
5512966
5513320
5513337
5513356
5514475
5515132
5515537
5516270
5516642
5517331
5517741
5518277
5518303
5518772
5519165
5519425
5520099
5520136
5520458
5520479
5520660
5520764
5520862
5520944
5522413
5522625
5523122
5524548
5524674
5524815
5525011
5525059
5525102
5525992
5526345
5526366
5526520
5528008
5528437
5529142
5529243
5530812
5530819
5531291
5531367
5531708
5533396
5533614
5533839
5534014
5534333
5535595
5536822
5537528
5537978
5538042
5538106
5538243
5538798
5539275
5539552
5539638
5540367
5540616
5541714
5542698
5544343
5544621
5544919
5545327
5546278
5546469
5547524
5547601
5547750
5548201
5549055
5549386
5549762
5550109
5551165
5551298
5551753
5551958
5552029
5552954
5553419
5553435
5553967
5554271
5554891
5555513
5557264
5557377
5557495
5558011
5558652
5559023
5559050
5559423
5559784
5561473
5561672
5563376
5563407
5563473
5563672
5563782
5564103
5565377
5565458
5565867
5566332
5567450
5567545
5567898
5568085
5568212
5568537
5569218
5569429
5569881
5570670
5571049
5572356
5572496
5572612
5572631
5573384
5573421
5574431
5574716
5575093
5575727
5576573
5579890
5579963
5580445
5581042
5582634
5582712
5583094
5583881
5584480
5584687
5585034
5585373
5585615
5586731
5587302
5587439
5587574
5587737
5588139
5588448
5588936
5589026
5590655
5591467
5591821
5592559
5592645
5593091
5593538
5594106
5594546
5594694
5595242
5596424
5597157
5598530
5598638
5598731
5599049
5599132
5599315
5599487
5599526
5599739
5599751
5600466
5601741
5602000
5603399
5603580
5604734
5605375
5605533
5606257
5606308
5606517
5607137
5607463
5607626
5607630
5607832
5608231
5608552
5608694
5609346
5610349
5610423
5610861
5611129
5611746
5613063
5613634
5614682
5616655
5619625
5620269
5620307
5620762
5620996
5622653
5622745
5624003
5624720
5625046
5625248
5625673
5625924
5625956
5626628
5629125
5629572
5630228
5631601
5631877
5633696
5634434
5634770
5635034
5635040
5636553
5637330
5638120
5638612
5638770
5639274
5639534
5639783
5640850
5641449
5641661
5641719
5643050
5644288
5644857
5645121
5645319
5645706
5645987
5646397
5647231
5648125
5648362
5648996
5649442
5649471
5649577
5650487
5651129
5651354
5651507
5652139
5652178
5652645
5652738
5652869
5653734
5654479
5654775
5656960
5657008
5657156
5657612
5657991
5658164
5658267
5658604
5658664
5659100
5659569
5659757
5659846
5660184
5660859
5661861
5662595
5663429
5663829
5663984
5664245
5664356
5665165
5666483
5667598
5668270
5668365
5668782
5669108
5669326
5669461
5670667
5670835
5671223
5673332
5673399
5673564
5674585
5674925
5675201
5675352
5676415
5676425
5678549
5678770
5680880
5681076
5681120
5681706
5682332
5683404
5684347
5684862
5685031
5685189
5685977
5686443
5689691
5690646
5691652
5692993
5693538
5693540
5694172
5694903
5695531
5695647
5696190
5696606
5696652
5697123
5697225
5698022
5698293
5698366
5698433
5699090
5699172
5699430
5700137
5700355
5700400
5700475
5700801
5701717
5701907
5703706
5704701
5704992
5705303
5705523
5706478
5706515
5706950
5707892
5708511
5709422
5709468
5709638
5709836
5710227
5710333
5710629
5711313
5711739
5711844
5712093
5712813
5713154
5713289
5714391
5714601
5714727
5715254
5715263
5715690
5716109
5716562
5716758
5717203
5718195
5719473
5719921
5720131
5720349
5720863
5721055
5721480
5721486
5722034
5722136
5722685
5723043
5723072
5723946
5723981
5725514
5726831
5728377
5731696
5731731
5732263
5733076
5733733
5734932
5735476
5735520
5735688
5735923
5737663
5738226
5740820
5741528
5741972
5742161
5744980
5744995
5746709
5747372
5747791
5748303
5748431
5749045
5749234
5749304
5751009
5751201
5752202
5752823
5753729
5753758
5753772
5753888
5754558
5755356
5755491
5755550
5755853
5755874
5756277
5756316
5756501
5757604
5758016
5758146
5758622
5758907
5759641
5759892
5760684
5761395
5762191
5762484
5762545
5762614
5762760
5762843
5762857
5763783
5765011
5765485
5766243
5766308
5766356
5766879
5769535
5769704
5770312
5770935
5772040
5772672
5773349
5773691
5775438
5775821
5775921
5776669
5776965
5777796
5778005
5778396
5778812
5778815
5778966
5779143
5779996
5782013
5782057
5782186
5782603
5782791
5783027
5783419
5783779
5783795
5783862
5783864
5784830
5785529
5786434
5786818
5787357
5787896
5788672
5788705
5788981
5790104
5790222
5790328
5790523
5790992
5791434
5792168
5792539
5793692
5793824
5794532
5794846
5795636
5797011
5797280
5797838
5798001
5798249
5798480
5798804
5798991
5799292
5799531
5799770
5800290
5800294
5800642
5801783
5802486
5803276
5803320
5803399
5803541
5803892
5806101
5806240
5806454
5806470
5807435
5807755
5810370
5811133
5811276
5811326
5812207
5812463
5812605
5812874
5813113
5813750
5814168
5814324
5814327
5814332
5814461
5814982
5815516
5816120
5817148
5817408
5818046
5818200
5818407
5819158
5819222
5819559
5820899
5820983
5821236
5821536
5821676
5823426
5823501
5823899
5823945
5825377
5825415
5825980
5826461
5826503
5826744
5826932
5827340
5827416
5828692
5828761
5828994
5829238
5829440
5830680
5831667
5831975
5832047
5832063
5832703
5832995
5835395
5835412
5835508
5836077
5836647
5837210
5837432
5837764
5837882
5838561
5839121
5839410
5840237
5840605
5840864
5840910
5842092
5842695
5842937
5843120
5843404
5843724
5843864
5844784
5847056
5847171
5847384
5848490
5849578
5849905
5849984
5850459
5851154
5851440
5852081
5852386
5852608
5852864
5853099
5853787
5853843
5854353
5854439
5855544
5856462
5857759
5858102
5858655
5858658
5859176
5859199
5861515
5862807
5864462
5864603
5864897
5865055
5865246
5865373
5865776
5866082
5866724
5867020
5867543
5868125
5869497
5870751
5870760
5872029
5872119
5872430
5873289
5875093
5876119
5876637
5877395
5877596
5877629
5878069
5878262
5878813
5878876
5881567
5882043
5883097
5883796
5884084
5884971
5885032
5885047
5886599
5886666
5886813
5887384
5887573
5887814
5887933
5888107
5888126
5888551
5890515
5890889
5891221
5891350
5891374
5891559
5891828
5892402
5892868
5892972
5893792
5893817
5894754
5895635
5896944
5897471
5898750
5898985
5899043
5899091
5899187
5899531
5899719
5899771
5900309
5900673
5900745
5900909
5901580
5902073
5902223
5904329
5904388
5905789
5906571
5906606
5907267
5908174
5908401
5909674
5910004
5910189
5910320
5910649
5910662
5911302
5911604
5911632
5911740
5912420
5912603
5915240
5915540
5915819
5916389
5917584
5917685
5917747
5918776
5919291
5920027
5920982
5921523
5921683
5921733
5921760
5923359
5923451
5923695
5923736
5923938
5923961
5924012
5924893
5925302
5925847
5926052
5926207
5926588
5926745
5928350
5928969
5929590
5929916
5929981
5930912
5931892
5933746
5934590
5934695
5935976
5936094
5937724
5938128
5938736
5939353
5939654
5941014
5941021
5941768
5942430
5943047
5943678
5944030
5944357
5946005
5946130
5946232
5947143
5948343
5948544
5948649
5949229
5949596
5949632
5950732
5951933
5953871
5954058
5954485
5955620
5956148
5956536
5956839
5957907
5958002
5959097
5959557
5960605
5960658
5962500
5962684
5963178
5963393
5963531
5964356
5964638
5965012
5965170
5965181
5965347
5965697
5965921
5966913
5967773
5969120
5969690
5969891
5970656
5971085
5972942
5973136
5974039
5975415
5975576
5976081
5977183
5978504
5978647
5978953
5979013
5979266
5979865
5980099
5980243
5981183
5981732
5982176
5982370
5982540
5982606
5983372
5983530
5983783
5984327
5985520
5985955
5986264
5987324
5987692
5989297
5989766
5989836
5990038
5990369
5991171
5991307
5992086
5992137
5992982
5994544
5994887
5996457
5997185
5997546
5997686
5998056
5998672
5998944
5998945
5999189
5999193
5999267
5999317
5999818
5999830
6000215
6000431
6002560
6002654
6003057
6003712
6003918
6004620
6004800
6005615
6005656
6005929
6006079
6006099
6006206
6007043
6007185
6007863
6008436
6008696
6009420
6010721
6010742
6011107
6011141
6011630
6012649
6013008
6013927
6014120
6014608
6014734
6015406
6016222
6016594
6017387
6018543
6018975
6019003
6019035
6020117
6020817
6021317
6022574
6022590
6026040
6026742
6026786
6028049
6028285
6028508
6028990
6029062
6029592
6029770
6029947
6030162
6030205
6030845
6031187
6033367
6033370
6033552
6034829
6035390
6035531
6035819
6036060
6036089
6036509
6037133
6037448
6039202
6039488
6039948
6041196
6041561
6041564
6042703
6042922
6043125
6043647
6045224
6045483
6045601
6045977
6046740
6046952
6047218
6048257
6048966
6049068
6051227
6051240
6052925
6053565
6053802
6054348
6054947
6055072
6055095
6055139
6055292
6055676
6055968
6056252
6057038
6057846
6058146
6058845
6058883
6059164
6059720
6059969
6060652
6061457
6061593
6062077
6062321
6062386
6062614
6062663
6062957
6063793
6064876
6065301
6066091
6066287
6067219
6067378
6067428
6067763
6067897
6068214
6068500
6068968
6068975
6069016
6069067
6069384
6069443
6069612
6069614
6070245
6070783
6071516
6072565
6072603
6072738
6072902
6073267
6073790
6075120
6075336
6076018
6076175
6076619
6076724
6076897
6076909
6077241
6077320
6078044
6078302
6078929
6079348
6079564
6080577
6080888
6081013
6082187
6082375
6082393
6083763
6083965
6084377
6084393
6084644
6084720
6084923
6085637
6086210
6086333
6087034
6088031
6088878
6089715
6089895
6090080
6090297
6090417
6091369
6091380
6091545
6091870
6093776
6094226
6094612
6094926
6094962
6096717
6096885
6096926
6097088
6098356
6098470
6098604
6100125
6100416
6100623
6101794
6101917
6102383
6102402
6102569
6103677
6106610
6106679
6107137
6108450
6108538
6110695
6118221
6118811
6128433
6133828
6137791
6154864
6155377
6161696
6168512
6174017
6180269
6182406
6182492
6183120
6183894
6185073
6192600
6201196
6203488
6204623
6213286
6218081
6219108
6220020
6226243
6228432
6231143
6232920
6235106
6236367
6246037
6259454
6274349
6281905
6282412
6282919
6290832
6292450
6292865
6313095
6317107
6326833
6334881
6336895
6351014
6351410
6352697
6353938
6362657
6370555
6376597
6380686
6389583
6394767
6394976
6398801
6399035
6399245
6400236
6405416
6414273
6420459
6424769
6435665
6436196
6442477
6442977
6444461
6446446
6454378
6455334
6457590
6457781
6459054
6460480
6474346
6476368
6477112
6485718
6487359
6489023
6495918
6505027
6506319
6507306
6507961
6511489
6514438
6518151
6520637
6524008
6529907
6533526
6535816
6546824
6550584
6553778
6561283
6566726
6566883
6568450
6574710
6578561
6586068
6596370
6598940
6607587
6610754
6611054
6616844
6617594
6619898
6628466
6632002
6632413
6639067
6639361
6648397
6650775
6651601
6656719
6674773
6679242
6685497
6694935
6696807
6697450
6699925
6706679
6707482
6715182
6717391
6718602
6735215
6735600
6739467
6741800
6743940
6746457
6748075
6749396
6756409
6758986
6766331
6771090
6775182
6777689
6779615
6780370
6781067
6787991
6791186
6792782
6796373
6798737
6802148
6804133
6805596
6808718
6810431
6810978
6813091
6821408
6823300
6828559
6832762
6835238
6842355
6844862
6848979
6852980
6854934
6855125
6855761
6855964
6859009
6860643
6863863
6865888
6871747
6872207
6875294
6882254
6889636
6897488
6902129
6913374
6914661
6931649
6934318
6936071
6936834
6943931
6947408
6952655
6962120
6967125
6968285
6980248
6990518
6996556
6998385
7009259
7020479
7024703
7039546
7047156
7047740
7049199
7052660
7065767
7069726
7074491
7074628
7083707
7083751
7091285
7102962
7105328
7108767
7110065
7114240
7129757
7132404
7134268
7139445
7139636
7140005
7140820
7143711
7144758
7147886
7151705
7151999
7154254
7163643
7169944
7171325
7179041
7180721
7183787
7185150
7186732
7197149
7204779
7220727
7230070
7235502
7239072
7245958
7263790
7274500
7280843
7281380
7285463
7287650
7295001
7299798
7301756
7304042
7308562
7309781
7312394
7316437
7318626
7321001
7329220
7329738
7333882
7334595
7338258
7355689
7356927
7358627
7362338
7367104
7367300
7369812
7375733
7377627
7382335
7384126
7385006
7388688
7412621
7415204
7415300
7415607
7416558
7421579
7423103
7425360
7426728
7431054
7433716
7438423
7439552
7441045
7450857
7451187
7455687
7460222
7460922
7461983
7466698
7467937
7474107
7479526
7484071
7489777
7491535
7507895
7515433
7522765
7524923
7526319
7527717
7531878
7534994
7536901
7538875
7540927
7545906
7578564
7581962
7583106
7586426
7586712
7588281
