0.9974554707379135 0.9824561403508771 0.9827586206896551 0.9975 0.9899874843554443
0.9974874371859297 0.9937421777221527 0.9937655860349127 0.9974968710888611 0.9956195244055068
0.9936628643852978 0.981226533166458 0.9814585908529048 0.9937421777221527 0.9874843554443054
0.9949748743718593 0.9924812030075187 0.9925187032418953 0.995 0.9937421777221527
0.9949367088607595 0.983729662077597 0.9839108910891089 0.9949937421777222 0.9893617021276596
0.9974522292993631 0.9824341279799247 0.982779827798278 0.9975031210986267 0.9899874843554443
0.9912718204488778 0.9949937421777222 0.9949748743718593 0.9912390488110138 0.9931163954943679
0.9987212276214834 0.9811557788944724 0.9816176470588235 0.9987531172069826 0.9899874843554443
0.9962168978562421 0.9899749373433584 0.9900621118012423 0.99625 0.9931163954943679
0.9937185929648241 0.9912280701754386 0.9912718204488778 0.99375 0.9924906132665833
0.9974715549936789 0.9887218045112782 0.9888475836431226 0.9975 0.9931163954943679
0.9962168978562421 0.9887359198998749 0.9888198757763975 0.9962453066332916 0.9924906132665833
0.9974747474747475 0.9887359198998749 0.988833746898263 0.9974968710888611 0.9931163954943679
0.9936224489795918 0.9774153074027604 0.9778869778869779 0.9937578027465668 0.9856070087609512
0.9949622166246851 0.9899749373433584 0.9900497512437811 0.995 0.9924906132665833
0.9949367088607595 0.9849624060150376 0.9851485148514851 0.995 0.9899874843554443
0.989937106918239 0.9862155388471178 0.9863013698630136 0.99 0.9881101376720901
0.9961977186311787 0.986198243412798 0.9864029666254636 0.9962546816479401 0.9912390488110138
0.9974747474747475 0.9887359198998749 0.988833746898263 0.9974968710888611 0.9931163954943679
0.9949302915082383 0.9824780976220275 0.9826946847960445 0.9949937421777222 0.9887359198998749
0.9937421777221527 0.9937421777221527 0.9937421777221527 0.9937421777221527 0.9937421777221527
0.9987389659520807 0.9924812030075187 0.9925465838509316 0.99875 0.9956195244055068
0.9949622166246851 0.9887359198998749 0.9888059701492538 0.9949937421777222 0.9918648310387985
0.9949685534591195 0.9899874843554443 0.9900373599003736 0.9949937421777222 0.9924906132665833
0.9937264742785445 0.9924812030075187 0.9925093632958801 0.99375 0.9931163954943679
0.993734335839599 0.993734335839599 0.99375 0.99375 0.9937421777221527
0.9937421777221527 0.9937421777221527 0.9937421777221527 0.9937421777221527 0.9937421777221527
0.9974683544303797 0.986232790988736 0.9863861386138614 0.9974968710888611 0.9918648310387985
0.9937185929648241 0.9912280701754386 0.9912718204488778 0.99375 0.9924906132665833
0.9962121212121212 0.9874843554443054 0.9875930521091811 0.9962453066332916 0.9918648310387985
0.9949558638083228 0.9874843554443054 0.9875776397515528 0.9949937421777222 0.9912390488110138
0.9987261146496815 0.981226533166458 0.981549815498155 0.9987484355444305 0.9899874843554443
0.998730964467005 0.9874529485570891 0.9876543209876543 0.9987515605493134 0.9931163954943679
0.9949748743718593 0.9912390488110138 0.9912718204488778 0.9949937421777222 0.9931163954943679
0.9924242424242424 0.9849624060150376 0.9851116625310173 0.9925 0.9887359198998749
0.9911504424778761 0.9861635220125786 0.9863692688971499 0.9912826899128269 0.9887359198998749
0.99125 0.9924906132665833 0.9924812030075187 0.9912390488110138 0.9918648310387985
0.9987261146496815 0.9836888331242158 0.984009840098401 0.9987515605493134 0.9912390488110138
0.9899623588456713 0.9874843554443054 0.9875156054931336 0.9899874843554443 0.9887359198998749
0.9949558638083228 0.9874843554443054 0.9875776397515528 0.9949937421777222 0.9912390488110138
0.9962216624685138 0.9899874843554443 0.9900497512437811 0.9962453066332916 0.9931163954943679
0.9962121212121212 0.9887218045112782 0.988833746898263 0.99625 0.9924906132665833
0.9974874371859297 0.9937421777221527 0.9937655860349127 0.9974968710888611 0.9956195244055068
0.9962216624685138 0.9899874843554443 0.9900497512437811 0.9962453066332916 0.9931163954943679
0.9949174078780177 0.9824341279799247 0.9827373612823674 0.9950062421972534 0.9887359198998749
0.9974715549936789 0.9874843554443054 0.9876084262701363 0.9974968710888611 0.9924906132665833
0.9899749373433584 0.9887359198998749 0.98875 0.9899874843554443 0.9893617021276596
0.9961977186311787 0.9849624060150376 0.9851668726823238 0.99625 0.990613266583229
0.9949302915082383 0.9837092731829574 0.9839307787391842 0.995 0.9893617021276596
0.9962216624685138 0.9899874843554443 0.9900497512437811 0.9962453066332916 0.9931163954943679
0.9949622166246851 0.9899749373433584 0.9900497512437811 0.995 0.9924906132665833
0.9949558638083228 0.9874843554443054 0.9875776397515528 0.9949937421777222 0.9912390488110138
0.9987179487179487 0.9774153074027604 0.9779951100244498 0.9987515605493134 0.9881101376720901
0.9974651457541192 0.9849812265331664 0.9851668726823238 0.9974968710888611 0.9912390488110138
0.9923954372623575 0.9799749687108886 0.9802224969097652 0.9924906132665833 0.986232790988736
0.9962121212121212 0.9899623588456713 0.9900744416873449 0.9962546816479401 0.9931163954943679
0.9936868686868687 0.9862155388471178 0.9863523573200993 0.99375 0.9899874843554443
0.9962168978562421 0.9912170639899623 0.991304347826087 0.9962546816479401 0.9937421777221527
0.9936868686868687 0.9849812265331664 0.9851116625310173 0.9937421777221527 0.9893617021276596
0.9949748743718593 0.9912390488110138 0.9912718204488778 0.9949937421777222 0.9931163954943679
0.9949622166246851 0.9899749373433584 0.9900497512437811 0.995 0.9924906132665833
1.0 0.9912280701754386 0.9913258983890955 1.0 0.9956195244055068
0.993734335839599 0.993734335839599 0.99375 0.99375 0.9937421777221527
0.9924528301886792 0.9874843554443054 0.987546699875467 0.9924906132665833 0.9899874843554443
0.9899497487437185 0.9874686716791979 0.9875311720698254 0.99 0.9887359198998749
0.9962216624685138 0.9899874843554443 0.9900497512437811 0.9962453066332916 0.9931163954943679
0.9962358845671268 0.9937421777221527 0.9937578027465668 0.9962453066332916 0.9949937421777222
0.99375 0.9949937421777222 0.9949874686716792 0.9937421777221527 0.9943679599499374
0.9949494949494949 0.9874686716791979 0.9875930521091811 0.995 0.9912390488110138
0.9949494949494949 0.9874686716791979 0.9875930521091811 0.995 0.9912390488110138
0.9949494949494949 0.986232790988736 0.9863523573200993 0.9949937421777222 0.990613266583229
0.9949685534591195 0.9899874843554443 0.9900373599003736 0.9949937421777222 0.9924906132665833
0.9899749373433584 0.9887359198998749 0.98875 0.9899874843554443 0.9893617021276596
0.9974683544303797 0.9887076537013801 0.9888613861386139 0.9975031210986267 0.9931163954943679
0.9936868686868687 0.9862155388471178 0.9863523573200993 0.99375 0.9899874843554443
0.9987405541561712 0.9924906132665833 0.9925373134328358 0.9987484355444305 0.9956195244055068
0.9936868686868687 0.9862155388471178 0.9863523573200993 0.99375 0.9899874843554443
0.9962168978562421 0.9899749373433584 0.9900621118012423 0.99625 0.9931163954943679
0.9961880559085133 0.9861635220125786 0.9864364981504316 0.9962640099626401 0.9912390488110138
0.9974587039390089 0.9837092731829574 0.9839704069050554 0.9975 0.990613266583229
0.9936948297604036 0.9874686716791979 0.9875776397515528 0.99375 0.990613266583229
0.9924433249370277 0.9874686716791979 0.9875621890547264 0.9925 0.9899874843554443
0.9949494949494949 0.9874686716791979 0.9875930521091811 0.995 0.9912390488110138
0.9974587039390089 0.9837092731829574 0.9839704069050554 0.9975 0.990613266583229
0.9948979591836735 0.9774436090225563 0.9778869778869779 0.995 0.986232790988736
0.9936467598475223 0.9787234042553191 0.9790382244143033 0.9937421777221527 0.986232790988736
0.9937185929648241 0.9899874843554443 0.9900249376558603 0.9937421777221527 0.9918648310387985
0.9974874371859297 0.9937421777221527 0.9937655860349127 0.9974968710888611 0.9956195244055068
0.9936628643852978 0.981226533166458 0.9814585908529048 0.9937421777221527 0.9874843554443054
0.9987325728770595 0.9887076537013801 0.9888751545117429 0.9987515605493134 0.9937421777221527
0.9961977186311787 0.983729662077597 0.9839307787391842 0.9962453066332916 0.9899874843554443
0.9925 0.9937421777221527 0.993734335839599 0.9924906132665833 0.9931163954943679
0.9937264742785445 0.9912390488110138 0.9912609238451935 0.9937421777221527 0.9924906132665833
0.9962168978562421 0.9912170639899623 0.991304347826087 0.9962546816479401 0.9937421777221527
0.9911392405063291 0.9799749687108886 0.9801980198019802 0.9912390488110138 0.9856070087609512
0.993734335839599 0.993734335839599 0.99375 0.99375 0.9937421777221527
0.9962168978562421 0.9887359198998749 0.9888198757763975 0.9962453066332916 0.9924906132665833
0.993734335839599 0.993734335839599 0.99375 0.99375 0.9937421777221527
0.9949302915082383 0.9837092731829574 0.9839307787391842 0.995 0.9893617021276596
0.9936788874841972 0.983729662077597 0.9838909541511772 0.9937421777221527 0.9887359198998749
