0.9924146649810367 0.9824780976220275 0.9826517967781908 0.9924906132665833 0.9874843554443054
0.9961928934010152 0.9824780976220275 0.9827160493827161 0.9962453066332916 0.9893617021276596
0.9974874371859297 0.9937421777221527 0.9937655860349127 0.9974968710888611 0.9956195244055068
0.9924242424242424 0.983729662077597 0.9838709677419355 0.9924906132665833 0.9881101376720901
0.9936868686868687 0.9849812265331664 0.9851116625310173 0.9937421777221527 0.9893617021276596
0.989937106918239 0.9849812265331664 0.9850560398505604 0.9899874843554443 0.9874843554443054
0.9962264150943396 0.9912390488110138 0.9912826899128269 0.9962453066332916 0.9937421777221527
0.9961977186311787 0.983729662077597 0.9839307787391842 0.9962453066332916 0.9899874843554443
0.9949622166246851 0.9887359198998749 0.9888059701492538 0.9949937421777222 0.9918648310387985
0.9949622166246851 0.9887359198998749 0.9888059701492538 0.9949937421777222 0.9918648310387985
0.9949558638083228 0.9874843554443054 0.9875776397515528 0.9949937421777222 0.9912390488110138
0.998730964467005 0.9849812265331664 0.9851851851851852 0.9987484355444305 0.9918648310387985
0.9949367088607595 0.983729662077597 0.9839108910891089 0.9949937421777222 0.9893617021276596
0.9974937343358395 0.9962453066332916 0.99625 0.9974968710888611 0.9968710888610763
0.9987389659520807 0.9912390488110138 0.991304347826087 0.9987484355444305 0.9949937421777222
0.9974715549936789 0.9874843554443054 0.9876084262701363 0.9974968710888611 0.9924906132665833
0.9974779319041615 0.9899874843554443 0.9900621118012423 0.9974968710888611 0.9937421777221527
1.0 0.9887359198998749 0.9888613861386139 1.0 0.9943679599499374
0.9961880559085133 0.981226533166458 0.9815043156596794 0.9962453066332916 0.9887359198998749
0.9974747474747475 0.9887359198998749 0.988833746898263 0.9974968710888611 0.9931163954943679
0.992462311557789 0.9887359198998749 0.9887780548628429 0.9924906132665833 0.990613266583229
0.9974747474747475 0.9887359198998749 0.988833746898263 0.9974968710888611 0.9931163954943679
0.9949874686716792 0.9937421777221527 0.99375 0.9949937421777222 0.9943679599499374
0.99375 0.9949937421777222 0.9949874686716792 0.9937421777221527 0.9943679599499374
0.9949748743718593 0.9912390488110138 0.9912718204488778 0.9949937421777222 0.9931163954943679
0.9962121212121212 0.9874843554443054 0.9875930521091811 0.9962453066332916 0.9918648310387985
0.9937185929648241 0.9899874843554443 0.9900249376558603 0.9937421777221527 0.9918648310387985
0.9987421383647799 0.9937421777221527 0.9937733499377335 0.9987484355444305 0.9962453066332916
0.9925 0.9937421777221527 0.993734335839599 0.9924906132665833 0.9931163954943679
0.9937185929648241 0.9899874843554443 0.9900249376558603 0.9937421777221527 0.9918648310387985
0.9962264150943396 0.9912390488110138 0.9912826899128269 0.9962453066332916 0.9937421777221527
0.9962406015037594 0.9949937421777222 0.995 0.9962453066332916 0.9956195244055068
0.9936948297604036 0.986232790988736 0.986335403726708 0.9937421777221527 0.9899874843554443
0.9962216624685138 0.9899874843554443 0.9900497512437811 0.9962453066332916 0.9931163954943679
0.9949622166246851 0.9887359198998749 0.9888059701492538 0.9949937421777222 0.9918648310387985
0.9987389659520807 0.9912390488110138 0.991304347826087 0.9987484355444305 0.9949937421777222
0.995 0.9962453066332916 0.9962406015037594 0.9949937421777222 0.9956195244055068
0.9937185929648241 0.9899874843554443 0.9900249376558603 0.9937421777221527 0.9918648310387985
0.9937027707808564 0.9874843554443054 0.9875621890547264 0.9937421777221527 0.990613266583229
0.9974715549936789 0.9874843554443054 0.9876084262701363 0.9974968710888611 0.9924906132665833
0.9962121212121212 0.9874843554443054 0.9875930521091811 0.9962453066332916 0.9918648310387985
1.0 0.983729662077597 0.9839901477832512 1.0 0.9918648310387985
0.9962168978562421 0.9887359198998749 0.9888198757763975 0.9962453066332916 0.9924906132665833
0.9949937421777222 0.9949937421777222 0.9949937421777222 0.9949937421777222 0.9949937421777222
0.9912170639899623 0.9887359198998749 0.9887640449438202 0.9912390488110138 0.9899874843554443
0.9949811794228356 0.9924906132665833 0.9925093632958801 0.9949937421777222 0.9937421777221527
0.9911727616645649 0.983729662077597 0.9838509316770186 0.9912390488110138 0.9874843554443054
0.9949685534591195 0.9899874843554443 0.9900373599003736 0.9949937421777222 0.9924906132665833
1.0 0.9962453066332916 0.9962593516209476 1.0 0.9981226533166458
1.0 0.9899874843554443 0.990086741016109 1.0 0.9949937421777222
0.9937185929648241 0.9899874843554443 0.9900249376558603 0.9937421777221527 0.9918648310387985
0.992462311557789 0.9887359198998749 0.9887780548628429 0.9924906132665833 0.990613266583229
0.998730964467005 0.9849812265331664 0.9851851851851852 0.9987484355444305 0.9918648310387985
0.9987357774968394 0.9887359198998749 0.9888475836431226 0.9987484355444305 0.9937421777221527
1.0 0.9937421777221527 0.9937810945273632 1.0 0.9968710888610763
0.9974811083123426 0.9912390488110138 0.9912935323383084 0.9974968710888611 0.9943679599499374
0.9949937421777222 0.9949937421777222 0.9949937421777222 0.9949937421777222 0.9949937421777222
0.9962121212121212 0.9874843554443054 0.9875930521091811 0.9962453066332916 0.9918648310387985
0.9962168978562421 0.9887359198998749 0.9888198757763975 0.9962453066332916 0.9924906132665833
0.9962311557788944 0.9924906132665833 0.9925187032418953 0.9962453066332916 0.9943679599499374
0.9962311557788944 0.9924906132665833 0.9925187032418953 0.9962453066332916 0.9943679599499374
0.9987373737373737 0.9899874843554443 0.9900744416873449 0.9987484355444305 0.9943679599499374
0.9962073324905183 0.986232790988736 0.9863692688971499 0.9962453066332916 0.9912390488110138
0.9974811083123426 0.9912390488110138 0.9912935323383084 0.9974968710888611 0.9943679599499374
0.9925093632958801 0.9949937421777222 0.9949811794228356 0.9924906132665833 0.9937421777221527
0.9962121212121212 0.9874843554443054 0.9875930521091811 0.9962453066332916 0.9918648310387985
0.9962168978562421 0.9887359198998749 0.9888198757763975 0.9962453066332916 0.9924906132665833
0.9937185929648241 0.9899874843554443 0.9900249376558603 0.9937421777221527 0.9918648310387985
0.9974715549936789 0.9874843554443054 0.9876084262701363 0.9974968710888611 0.9924906132665833
0.9974811083123426 0.9912390488110138 0.9912935323383084 0.9974968710888611 0.9943679599499374
0.9925 0.9937421777221527 0.993734335839599 0.9924906132665833 0.9931163954943679
0.9937027707808564 0.9874843554443054 0.9875621890547264 0.9937421777221527 0.990613266583229
0.9974747474747475 0.9887359198998749 0.988833746898263 0.9974968710888611 0.9931163954943679
0.9987373737373737 0.9899874843554443 0.9900744416873449 0.9987484355444305 0.9943679599499374
0.9936548223350253 0.9799749687108886 0.980246913580247 0.9937421777221527 0.9868585732165206
0.9987405541561712 0.9924906132665833 0.9925373134328358 0.9987484355444305 0.9956195244055068
0.9937421777221527 0.9937421777221527 0.9937421777221527 0.9937421777221527 0.9937421777221527
0.9962453066332916 0.9962453066332916 0.9962453066332916 0.9962453066332916 0.9962453066332916
0.9912170639899623 0.9887359198998749 0.9887640449438202 0.9912390488110138 0.9899874843554443
0.9937578027465668 0.9962453066332916 0.9962358845671268 0.9937421777221527 0.9949937421777222
0.9974779319041615 0.9899874843554443 0.9900621118012423 0.9974968710888611 0.9937421777221527
0.9962073324905183 0.986232790988736 0.9863692688971499 0.9962453066332916 0.9912390488110138
0.9974874371859297 0.9937421777221527 0.9937655860349127 0.9974968710888611 0.9956195244055068
0.99375 0.9949937421777222 0.9949874686716792 0.9937421777221527 0.9943679599499374
0.9962168978562421 0.9887359198998749 0.9888198757763975 0.9962453066332916 0.9924906132665833
0.99625 0.9974968710888611 0.9974937343358395 0.9962453066332916 0.9968710888610763
0.9949811794228356 0.9924906132665833 0.9925093632958801 0.9949937421777222 0.9937421777221527
0.9987437185929648 0.9949937421777222 0.9950124688279302 0.9987484355444305 0.9968710888610763
0.9962216624685138 0.9899874843554443 0.9900497512437811 0.9962453066332916 0.9931163954943679
0.9937106918238994 0.9887359198998749 0.9887920298879203 0.9937421777221527 0.9912390488110138
0.9974874371859297 0.9937421777221527 0.9937655860349127 0.9974968710888611 0.9956195244055068
0.9987357774968394 0.9887359198998749 0.9888475836431226 0.9987484355444305 0.9937421777221527
0.9974842767295597 0.9924906132665833 0.9925280199252802 0.9974968710888611 0.9949937421777222
0.9974587039390089 0.9824780976220275 0.9827373612823674 0.9974968710888611 0.9899874843554443
0.9974587039390089 0.9824780976220275 0.9827373612823674 0.9974968710888611 0.9899874843554443
0.9911949685534591 0.986232790988736 0.9863013698630136 0.9912390488110138 0.9887359198998749
0.9912390488110138 0.9912390488110138 0.9912390488110138 0.9912390488110138 0.9912390488110138
0.9912280701754386 0.9899874843554443 0.99 0.9912390488110138 0.990613266583229
0.99125 0.9924906132665833 0.9924812030075187 0.9912390488110138 0.9918648310387985
0.9974651457541192 0.9849812265331664 0.9851668726823238 0.9974968710888611 0.9912390488110138
0.9974874371859297 0.9937421777221527 0.9937655860349127 0.9974968710888611 0.9956195244055068
