0.9949174078780177 0.981203007518797 0.9815043156596794 0.995 0.9881101376720901
0.9937421777221527 0.9937421777221527 0.9937421777221527 0.9937421777221527 0.9937421777221527
0.9936386768447837 0.9774718397997497 0.9778325123152709 0.9937421777221527 0.9856070087609512
0.9937264742785445 0.9924812030075187 0.9925093632958801 0.99375 0.9931163954943679
0.9911616161616161 0.9824780976220275 0.9826302729528535 0.9912390488110138 0.9868585732165206
0.9949174078780177 0.9824341279799247 0.9827373612823674 0.9950062421972534 0.9887359198998749
0.9912609238451935 0.9937421777221527 0.9937264742785445 0.9912390488110138 0.9924906132665833
0.9974391805377721 0.9786432160804021 0.9791921664626683 0.9975062344139651 0.9881101376720901
0.9937027707808564 0.9887218045112782 0.9888059701492538 0.99375 0.9912390488110138
0.9899623588456713 0.9887218045112782 0.9887640449438202 0.99 0.9893617021276596
0.9974715549936789 0.9887218045112782 0.9888475836431226 0.9975 0.9931163954943679
0.9924528301886792 0.9874843554443054 0.987546699875467 0.9924906132665833 0.9899874843554443
0.9962121212121212 0.9874843554443054 0.9875930521091811 0.9962453066332916 0.9918648310387985
0.9923371647509579 0.9749058971141782 0.9754601226993865 0.9925093632958801 0.983729662077597
0.9924528301886792 0.9887218045112782 0.9887920298879203 0.9925 0.990613266583229
0.9961880559085133 0.9824561403508771 0.9827373612823674 0.99625 0.9893617021276596
0.9849624060150376 0.9849624060150376 0.985 0.985 0.9849812265331664
0.9924337957124842 0.9874529485570891 0.9875776397515528 0.9925093632958801 0.9899874843554443
0.9962073324905183 0.986232790988736 0.9863692688971499 0.9962453066332916 0.9912390488110138
0.9936628643852978 0.981226533166458 0.9814585908529048 0.9937421777221527 0.9874843554443054
0.9962311557788944 0.9924906132665833 0.9925187032418953 0.9962453066332916 0.9943679599499374
0.9949685534591195 0.9912280701754386 0.9912826899128269 0.995 0.9931163954943679
0.9937027707808564 0.9874843554443054 0.9875621890547264 0.9937421777221527 0.990613266583229
0.9937185929648241 0.9899874843554443 0.9900249376558603 0.9937421777221527 0.9918648310387985
0.9937264742785445 0.9924812030075187 0.9925093632958801 0.99375 0.9931163954943679
0.9937264742785445 0.9924812030075187 0.9925093632958801 0.99375 0.9931163954943679
0.99125 0.9924906132665833 0.9924812030075187 0.9912390488110138 0.9918648310387985
0.9962025316455696 0.9849812265331664 0.9851485148514851 0.9962453066332916 0.990613266583229
0.9924717691342535 0.9912280701754386 0.9912609238451935 0.9925 0.9918648310387985
0.9962073324905183 0.986232790988736 0.9863692688971499 0.9962453066332916 0.9912390488110138
0.9912060301507538 0.9874843554443054 0.9875311720698254 0.9912390488110138 0.9893617021276596
0.9974522292993631 0.9799749687108886 0.980319803198032 0.9974968710888611 0.9887359198998749
0.9949431099873578 0.9874529485570891 0.9876084262701363 0.9950062421972534 0.9912390488110138
0.9912390488110138 0.9912390488110138 0.9912390488110138 0.9912390488110138 0.9912390488110138
0.9924146649810367 0.9837092731829574 0.9838909541511772 0.9925 0.9881101376720901
0.9861635220125786 0.9861635220125786 0.9863013698630136 0.9863013698630136 0.986232790988736
0.99 0.9912390488110138 0.9912280701754386 0.9899874843554443 0.990613266583229
0.9961880559085133 0.9836888331242158 0.9839704069050554 0.9962546816479401 0.9899874843554443
0.9874843554443054 0.9874843554443054 0.9874843554443054 0.9874843554443054 0.9874843554443054
0.9937106918238994 0.9887359198998749 0.9887920298879203 0.9937421777221527 0.9912390488110138
0.992462311557789 0.9887359198998749 0.9887780548628429 0.9924906132665833 0.990613266583229
0.9937027707808564 0.9887218045112782 0.9888059701492538 0.99375 0.9912390488110138
0.9962311557788944 0.9924906132665833 0.9925187032418953 0.9962453066332916 0.9943679599499374
0.9949622166246851 0.9887359198998749 0.9888059701492538 0.9949937421777222 0.9918648310387985
0.9923857868020305 0.9811794228356336 0.9814814814814815 0.9925093632958801 0.9868585732165206
0.9974715549936789 0.9874843554443054 0.9876084262701363 0.9974968710888611 0.9924906132665833
0.9911949685534591 0.986232790988736 0.9863013698630136 0.9912390488110138 0.9887359198998749
0.9936708860759493 0.9837092731829574 0.9839108910891089 0.99375 0.9887359198998749
0.9936628643852978 0.9824561403508771 0.9826946847960445 0.99375 0.9881101376720901
0.9912280701754386 0.9899874843554443 0.99 0.9912390488110138 0.990613266583229
0.9912280701754386 0.9912280701754386 0.99125 0.99125 0.9912390488110138
0.9911949685534591 0.986232790988736 0.9863013698630136 0.9912390488110138 0.9887359198998749
0.9974326059050064 0.9749058971141782 0.9755799755799756 0.9975031210986267 0.986232790988736
0.9936788874841972 0.983729662077597 0.9838909541511772 0.9937421777221527 0.9887359198998749
0.9898605830164765 0.9774718397997497 0.9777503090234858 0.9899874843554443 0.983729662077597
0.9961977186311787 0.986198243412798 0.9864029666254636 0.9962546816479401 0.9912390488110138
0.9911949685534591 0.9874686716791979 0.987546699875467 0.99125 0.9893617021276596
0.9912060301507538 0.9899623588456713 0.9900249376558603 0.9912609238451935 0.990613266583229
0.9949558638083228 0.9874843554443054 0.9875776397515528 0.9949937421777222 0.9912390488110138
0.9937106918238994 0.9887359198998749 0.9887920298879203 0.9937421777221527 0.9912390488110138
0.9936948297604036 0.9874686716791979 0.9875776397515528 0.99375 0.990613266583229
0.9987341772151899 0.9887218045112782 0.9888613861386139 0.99875 0.9937421777221527
0.9962216624685138 0.9912280701754386 0.9912935323383084 0.99625 0.9937421777221527
0.9924528301886792 0.9874843554443054 0.987546699875467 0.9924906132665833 0.9899874843554443
0.986232790988736 0.9874686716791979 0.9874843554443054 0.98625 0.9868585732165206
0.9949558638083228 0.9874843554443054 0.9875776397515528 0.9949937421777222 0.9912390488110138
0.9900124843945068 0.9924906132665833 0.9924717691342535 0.9899874843554443 0.9912390488110138
0.9900249376558603 0.9937421777221527 0.9937185929648241 0.9899874843554443 0.9918648310387985
0.9949494949494949 0.9874686716791979 0.9875930521091811 0.995 0.9912390488110138
0.9962073324905183 0.9874686716791979 0.9876084262701363 0.99625 0.9918648310387985
0.9936708860759493 0.9824780976220275 0.9826732673267327 0.9937421777221527 0.9881101376720901
0.9962121212121212 0.9874843554443054 0.9875930521091811 0.9962453066332916 0.9918648310387985
0.9874843554443054 0.9874843554443054 0.9874843554443054 0.9874843554443054 0.9874843554443054
0.9949431099873578 0.9874529485570891 0.9876084262701363 0.9950062421972534 0.9912390488110138
0.9962025316455696 0.9862155388471178 0.9863861386138614 0.99625 0.9912390488110138
0.9987341772151899 0.9874843554443054 0.9876237623762376 0.9987484355444305 0.9931163954943679
0.9936788874841972 0.9849624060150376 0.9851301115241635 0.99375 0.9893617021276596
0.9937027707808564 0.9887218045112782 0.9888059701492538 0.99375 0.9912390488110138
0.9961880559085133 0.9861635220125786 0.9864364981504316 0.9962640099626401 0.9912390488110138
0.9961928934010152 0.9837092731829574 0.9839506172839506 0.99625 0.9899874843554443
0.9924433249370277 0.9874686716791979 0.9875621890547264 0.9925 0.9899874843554443
0.9936948297604036 0.9874686716791979 0.9875776397515528 0.99375 0.990613266583229
0.9924433249370277 0.9874686716791979 0.9875621890547264 0.9925 0.9899874843554443
0.9949238578680203 0.9824561403508771 0.9827160493827161 0.995 0.9887359198998749
0.9923566878980892 0.9761904761904762 0.976629766297663 0.9925 0.9843554443053817
0.9923954372623575 0.9799749687108886 0.9802224969097652 0.9924906132665833 0.986232790988736
0.9937106918238994 0.9887359198998749 0.9887920298879203 0.9937421777221527 0.9912390488110138
0.9949748743718593 0.9912390488110138 0.9912718204488778 0.9949937421777222 0.9931163954943679
0.9924050632911392 0.981226533166458 0.9814356435643564 0.9924906132665833 0.9868585732165206
0.9974619289340102 0.986198243412798 0.9864197530864197 0.9975031210986267 0.9918648310387985
0.9949431099873578 0.9849812265331664 0.9851301115241635 0.9949937421777222 0.9899874843554443
0.9925 0.9937421777221527 0.993734335839599 0.9924906132665833 0.9931163954943679
0.9887640449438202 0.9912390488110138 0.9912170639899623 0.9887359198998749 0.9899874843554443
0.9949558638083228 0.9899623588456713 0.9900621118012423 0.9950062421972534 0.9924906132665833
0.9923954372623575 0.9799749687108886 0.9802224969097652 0.9924906132665833 0.986232790988736
0.9949685534591195 0.9912280701754386 0.9912826899128269 0.995 0.9931163954943679
0.9962168978562421 0.9887359198998749 0.9888198757763975 0.9962453066332916 0.9924906132665833
0.9937264742785445 0.9924812030075187 0.9925093632958801 0.99375 0.9931163954943679
0.9936628643852978 0.9824561403508771 0.9826946847960445 0.99375 0.9881101376720901
0.9899244332493703 0.983729662077597 0.9838308457711443 0.9899874843554443 0.9868585732165206
