0.9898605830164765 0.9774718397997497 0.9777503090234858 0.9899874843554443 0.983729662077597
0.9961880559085133 0.981226533166458 0.9815043156596794 0.9962453066332916 0.9887359198998749
0.9949811794228356 0.9924906132665833 0.9925093632958801 0.9949937421777222 0.9937421777221527
0.9861635220125786 0.981226533166458 0.9813200498132005 0.986232790988736 0.983729662077597
0.9961928934010152 0.9824780976220275 0.9827160493827161 0.9962453066332916 0.9893617021276596
0.9886075949367089 0.9774718397997497 0.9777227722772277 0.9887359198998749 0.9831038798498123
0.9874371859296482 0.983729662077597 0.983790523690773 0.9874843554443054 0.9856070087609512
0.9911167512690355 0.9774718397997497 0.9777777777777777 0.9912390488110138 0.9843554443053817
0.9924337957124842 0.9849812265331664 0.9850931677018634 0.9924906132665833 0.9887359198998749
0.9899497487437185 0.986232790988736 0.986284289276808 0.9899874843554443 0.9881101376720901
0.9912060301507538 0.9874843554443054 0.9875311720698254 0.9912390488110138 0.9893617021276596
0.9886649874055415 0.9824780976220275 0.9825870646766169 0.9887359198998749 0.9856070087609512
0.9949302915082383 0.9824780976220275 0.9826946847960445 0.9949937421777222 0.9887359198998749
0.9937578027465668 0.9962453066332916 0.9962358845671268 0.9937421777221527 0.9949937421777222
0.9912280701754386 0.9899874843554443 0.99 0.9912390488110138 0.990613266583229
0.9936948297604036 0.986232790988736 0.986335403726708 0.9937421777221527 0.9899874843554443
0.9949367088607595 0.983729662077597 0.9839108910891089 0.9949937421777222 0.9893617021276596
0.998730964467005 0.9849812265331664 0.9851851851851852 0.9987484355444305 0.9918648310387985
0.9924146649810367 0.9824780976220275 0.9826517967781908 0.9924906132665833 0.9874843554443054
0.9974619289340102 0.983729662077597 0.9839506172839506 0.9974968710888611 0.990613266583229
0.988621997471555 0.9787234042553191 0.9789343246592317 0.9887359198998749 0.983729662077597
0.9924242424242424 0.983729662077597 0.9838709677419355 0.9924906132665833 0.9881101376720901
0.9937264742785445 0.9912390488110138 0.9912609238451935 0.9937421777221527 0.9924906132665833
0.9900249376558603 0.9937421777221527 0.9937185929648241 0.9899874843554443 0.9918648310387985
0.9912280701754386 0.9899874843554443 0.99 0.9912390488110138 0.990613266583229
0.9899497487437185 0.986232790988736 0.986284289276808 0.9899874843554443 0.9881101376720901
0.9863013698630136 0.9912390488110138 0.9911949685534591 0.986232790988736 0.9887359198998749
0.9962121212121212 0.9874843554443054 0.9875930521091811 0.9962453066332916 0.9918648310387985
0.9874843554443054 0.9874843554443054 0.9874843554443054 0.9874843554443054 0.9874843554443054
0.9899497487437185 0.986232790988736 0.986284289276808 0.9899874843554443 0.9881101376720901
0.9912060301507538 0.9874843554443054 0.9875311720698254 0.9912390488110138 0.9893617021276596
0.9912390488110138 0.9912390488110138 0.9912390488110138 0.9912390488110138 0.9912390488110138
0.9924337957124842 0.9849812265331664 0.9850931677018634 0.9924906132665833 0.9887359198998749
0.9911727616645649 0.983729662077597 0.9838509316770186 0.9912390488110138 0.9874843554443054
0.9887218045112782 0.9874843554443054 0.9875 0.9887359198998749 0.9881101376720901
0.9949431099873578 0.9849812265331664 0.9851301115241635 0.9949937421777222 0.9899874843554443
0.9925 0.9937421777221527 0.993734335839599 0.9924906132665833 0.9931163954943679
0.9937106918238994 0.9887359198998749 0.9887920298879203 0.9937421777221527 0.9912390488110138
0.9923954372623575 0.9799749687108886 0.9802224969097652 0.9924906132665833 0.986232790988736
0.9949558638083228 0.9874843554443054 0.9875776397515528 0.9949937421777222 0.9912390488110138
0.989937106918239 0.9849812265331664 0.9850560398505604 0.9899874843554443 0.9874843554443054
0.9961734693877551 0.9774718397997497 0.9778869778869779 0.9962453066332916 0.9868585732165206
0.9911838790931989 0.9849812265331664 0.9850746268656716 0.9912390488110138 0.9881101376720901
0.9937185929648241 0.9899874843554443 0.9900249376558603 0.9937421777221527 0.9918648310387985
0.9874686716791979 0.986232790988736 0.98625 0.9874843554443054 0.9868585732165206
0.9911616161616161 0.9824780976220275 0.9826302729528535 0.9912390488110138 0.9868585732165206
0.9874371859296482 0.983729662077597 0.983790523690773 0.9874843554443054 0.9856070087609512
0.9900124843945068 0.9924906132665833 0.9924717691342535 0.9899874843554443 0.9912390488110138
0.9962406015037594 0.9949937421777222 0.995 0.9962453066332916 0.9956195244055068
0.9924242424242424 0.983729662077597 0.9838709677419355 0.9924906132665833 0.9881101376720901
0.9886506935687264 0.981226533166458 0.9813664596273292 0.9887359198998749 0.9849812265331664
0.9899244332493703 0.983729662077597 0.9838308457711443 0.9899874843554443 0.9868585732165206
0.9936467598475223 0.9787234042553191 0.9790382244143033 0.9937421777221527 0.986232790988736
0.9936788874841972 0.983729662077597 0.9838909541511772 0.9937421777221527 0.9887359198998749
0.9962073324905183 0.986232790988736 0.9863692688971499 0.9962453066332916 0.9912390488110138
0.9949494949494949 0.986232790988736 0.9863523573200993 0.9949937421777222 0.990613266583229
0.9900249376558603 0.9937421777221527 0.9937185929648241 0.9899874843554443 0.9918648310387985
0.9974391805377721 0.9749687108886108 0.9755201958384333 0.9974968710888611 0.986232790988736
0.9961928934010152 0.9824780976220275 0.9827160493827161 0.9962453066332916 0.9893617021276596
0.9974683544303797 0.986232790988736 0.9863861386138614 0.9974968710888611 0.9918648310387985
0.9911949685534591 0.986232790988736 0.9863013698630136 0.9912390488110138 0.9887359198998749
0.9962025316455696 0.9849812265331664 0.9851485148514851 0.9962453066332916 0.990613266583229
0.9911616161616161 0.9824780976220275 0.9826302729528535 0.9912390488110138 0.9868585732165206
0.9974651457541192 0.9849812265331664 0.9851668726823238 0.9974968710888611 0.9912390488110138
0.9900373599003736 0.9949937421777222 0.9949685534591195 0.9899874843554443 0.9924906132665833
0.9936868686868687 0.9849812265331664 0.9851116625310173 0.9937421777221527 0.9893617021276596
0.9924433249370277 0.986232790988736 0.986318407960199 0.9924906132665833 0.9893617021276596
0.9899244332493703 0.983729662077597 0.9838308457711443 0.9899874843554443 0.9868585732165206
0.9936788874841972 0.983729662077597 0.9838909541511772 0.9937421777221527 0.9887359198998749
0.992462311557789 0.9887359198998749 0.9887780548628429 0.9924906132665833 0.990613266583229
0.993734335839599 0.9924906132665833 0.9925 0.9937421777221527 0.9931163954943679
0.9949238578680203 0.981226533166458 0.9814814814814815 0.9949937421777222 0.9881101376720901
0.9949174078780177 0.9799749687108886 0.9802712700369913 0.9949937421777222 0.9874843554443054
0.9974811083123426 0.9912390488110138 0.9912935323383084 0.9974968710888611 0.9943679599499374
0.9911167512690355 0.9774718397997497 0.9777777777777777 0.9912390488110138 0.9843554443053817
0.9937106918238994 0.9887359198998749 0.9887920298879203 0.9937421777221527 0.9912390488110138
0.9962311557788944 0.9924906132665833 0.9925187032418953 0.9962453066332916 0.9943679599499374
0.99 0.9912390488110138 0.9912280701754386 0.9899874843554443 0.990613266583229
0.9912060301507538 0.9874843554443054 0.9875311720698254 0.9912390488110138 0.9893617021276596
0.9900373599003736 0.9949937421777222 0.9949685534591195 0.9899874843554443 0.9924906132665833
0.9949494949494949 0.986232790988736 0.9863523573200993 0.9949937421777222 0.990613266583229
0.9923761118170267 0.9774718397997497 0.9778051787916153 0.9924906132665833 0.9849812265331664
0.9936948297604036 0.986232790988736 0.986335403726708 0.9937421777221527 0.9899874843554443
0.98625 0.9874843554443054 0.9874686716791979 0.986232790988736 0.9868585732165206
0.9937027707808564 0.9874843554443054 0.9875621890547264 0.9937421777221527 0.990613266583229
0.995 0.9962453066332916 0.9962406015037594 0.9949937421777222 0.9956195244055068
0.9924528301886792 0.9874843554443054 0.987546699875467 0.9924906132665833 0.9899874843554443
0.9912609238451935 0.9937421777221527 0.9937264742785445 0.9912390488110138 0.9924906132665833
0.9899623588456713 0.9874843554443054 0.9875156054931336 0.9899874843554443 0.9887359198998749
0.9911616161616161 0.9824780976220275 0.9826302729528535 0.9912390488110138 0.9868585732165206
0.9962311557788944 0.9924906132665833 0.9925187032418953 0.9962453066332916 0.9943679599499374
0.9911838790931989 0.9849812265331664 0.9850746268656716 0.9912390488110138 0.9881101376720901
0.9912390488110138 0.9912390488110138 0.9912390488110138 0.9912390488110138 0.9912390488110138
0.9961636828644501 0.9749687108886108 0.9754901960784313 0.9962453066332916 0.9856070087609512
0.9949174078780177 0.9799749687108886 0.9802712700369913 0.9949937421777222 0.9874843554443054
0.9898862199747156 0.9799749687108886 0.9801734820322181 0.9899874843554443 0.9849812265331664
0.9912280701754386 0.9899874843554443 0.99 0.9912390488110138 0.990613266583229
0.9874686716791979 0.986232790988736 0.98625 0.9874843554443054 0.9868585732165206
0.98875 0.9899874843554443 0.9899749373433584 0.9887359198998749 0.9893617021276596
0.9911392405063291 0.9799749687108886 0.9801980198019802 0.9912390488110138 0.9856070087609512
0.9962311557788944 0.9924906132665833 0.9925187032418953 0.9962453066332916 0.9943679599499374
