0.9916279069767442 0.9699727024567789 0.9706144256455922 0.991810737033667 0.9808917197452229
0.9898523985239852 0.9763421292083713 0.9766606822262118 0.9899909008189263 0.9831665150136488
0.9897674418604652 0.9681528662420382 0.968833481745325 0.9899909008189263 0.9790718835304822
0.9850606909430439 0.9599636032757052 0.9609582963620231 0.9854413102820746 0.9727024567788899
0.9905482041587902 0.9535941765241128 0.9552631578947368 0.9909008189262967 0.9722474977252047
0.9860724233983287 0.9663330300272975 0.9669937555753791 0.986351228389445 0.9763421292083713
0.9897100093545369 0.9626933575978162 0.9636846767050488 0.9899909008189263 0.9763421292083713
0.9915966386554622 0.9663330300272975 0.9671694764862466 0.991810737033667 0.9790718835304822
0.9879740980573543 0.9717925386715196 0.97224709042077 0.9881710646041856 0.9799818016378526
0.9859287054409006 0.9563239308462238 0.9575971731448764 0.986351228389445 0.9713375796178344
0.9906890130353817 0.9681528662420382 0.9688612099644128 0.9909008189262967 0.9795268425841674
0.9824399260628466 0.9672429481346679 0.967741935483871 0.9827115559599636 0.9749772520473158
0.9816345270890725 0.9727024567788899 0.9729486023444545 0.9818016378525932 0.9772520473157416
0.9915094339622641 0.9563239308462238 0.9578207381370826 0.991810737033667 0.9740673339399454
0.9860724233983287 0.9663330300272975 0.9669937555753791 0.986351228389445 0.9763421292083713
0.9924741298212606 0.9599636032757052 0.9612334801762115 0.9927206551410374 0.9763421292083713
0.9897674418604652 0.9681528662420382 0.968833481745325 0.9899909008189263 0.9790718835304822
0.989805375347544 0.9717925386715196 0.9722966934763181 0.9899909008189263 0.9808917197452229
0.9877704609595485 0.9554140127388535 0.9568281938325991 0.9881710646041856 0.9717925386715196
0.9861367837338263 0.9708826205641492 0.9713261648745519 0.986351228389445 0.978616924476797
0.9897292250233427 0.9645131938125568 0.9653948535936113 0.9899909008189263 0.9772520473157416
0.9879740980573543 0.9717925386715196 0.97224709042077 0.9881710646041856 0.9799818016378526
0.9897196261682243 0.9636032757051866 0.9645390070921985 0.9899909008189263 0.9767970882620565
0.989805375347544 0.9717925386715196 0.9722966934763181 0.9899909008189263 0.9808917197452229
0.9843462246777164 0.9727024567788899 0.9730215827338129 0.9845313921747043 0.978616924476797
0.9867799811142587 0.9508644222020018 0.9525899912203687 0.9872611464968153 0.9690627843494085
0.9906716417910447 0.9663330300272975 0.9671403197158082 0.9909008189262967 0.978616924476797
0.9925581395348837 0.9708826205641492 0.9715048975957258 0.9927206551410374 0.9818016378525932
0.9851851851851852 0.9681528662420382 0.9686940966010733 0.9854413102820746 0.9767970882620565
0.9795918367346939 0.9608735213830755 0.9616071428571429 0.9799818016378526 0.9704276615104641
0.9905033238366572 0.9490445859872612 0.9510917030567686 0.9909008189262967 0.9699727024567789
0.9861111111111112 0.9690627843494085 0.9695885509838998 0.986351228389445 0.9777070063694268
0.989786443825441 0.9699727024567789 0.9705619982158786 0.9899909008189263 0.9799818016378526
0.9897674418604652 0.9681528662420382 0.968833481745325 0.9899909008189263 0.9790718835304822
0.9868791002811621 0.9581437670609645 0.9593280282935456 0.9872611464968153 0.9727024567788899
0.9868913857677902 0.9590536851683349 0.9601769911504425 0.9872611464968153 0.9731574158325751
0.9861751152073732 0.9736123748862603 0.9739442946990117 0.986351228389445 0.9799818016378526
0.9897674418604652 0.9681528662420382 0.968833481745325 0.9899909008189263 0.9790718835304822
0.9907235621521335 0.9717925386715196 0.9723214285714286 0.9909008189262967 0.9813466787989081
0.9797608095676172 0.9690627843494085 0.9693969396939695 0.9799818016378526 0.9745222929936306
0.9870609981515711 0.9717925386715196 0.9722222222222222 0.9872611464968153 0.9795268425841674
0.9888888888888889 0.9717925386715196 0.9722719141323792 0.989080982711556 0.9804367606915377
0.9907149489322191 0.9708826205641492 0.9714540588760036 0.9909008189262967 0.9808917197452229
0.9762557077625571 0.9727024567788899 0.9728014505893019 0.9763421292083713 0.9745222929936306
0.9916743755781684 0.9754322111010009 0.9758281110116384 0.991810737033667 0.9836214740673339
0.9887218045112782 0.9572338489535942 0.9585537918871252 0.989080982711556 0.9731574158325751
0.9888059701492538 0.9645131938125568 0.9653641207815276 0.989080982711556 0.9767970882620565
0.9888268156424581 0.9663330300272975 0.9670818505338078 0.989080982711556 0.9777070063694268
0.9851301115241635 0.9645131938125568 0.9652406417112299 0.9854413102820746 0.9749772520473158
0.9897003745318352 0.9617834394904459 0.9628318584070796 0.9899909008189263 0.9758871701546861
0.9905926622765757 0.9581437670609645 0.9594713656387666 0.9909008189262967 0.9745222929936306
0.9823747680890538 0.9636032757051866 0.9642857142857143 0.9827115559599636 0.9731574158325751
0.9869402985074627 0.9626933575978162 0.9635879218472468 0.9872611464968153 0.9749772520473158
0.9833178869323448 0.9654231119199272 0.966041108132261 0.9836214740673339 0.9745222929936306
0.9825847846012832 0.9754322111010009 0.975609756097561 0.9827115559599636 0.9790718835304822
0.9897100093545369 0.9626933575978162 0.9636846767050488 0.9899909008189263 0.9763421292083713
0.9870490286771508 0.9708826205641492 0.9713518352730528 0.9872611464968153 0.9790718835304822
0.977961432506887 0.9690627843494085 0.9693417493237151 0.978161965423112 0.9736123748862603
0.993414863593603 0.9608735213830755 0.9621145374449339 0.9936305732484076 0.9772520473157416
0.987037037037037 0.9699727024567789 0.9704830053667263 0.9872611464968153 0.978616924476797
0.9869767441860465 0.9654231119199272 0.9661620658949243 0.9872611464968153 0.9763421292083713
0.9916589434661723 0.9736123748862603 0.9740840035746202 0.991810737033667 0.9827115559599636
0.9888164026095061 0.9654231119199272 0.9662222222222222 0.989080982711556 0.9772520473157416
0.987037037037037 0.9699727024567789 0.9704830053667263 0.9872611464968153 0.978616924476797
0.9869158878504672 0.9608735213830755 0.9618794326241135 0.9872611464968153 0.9740673339399454
0.9915966386554622 0.9663330300272975 0.9671694764862466 0.991810737033667 0.9790718835304822
0.9934579439252337 0.9672429481346679 0.9680851063829787 0.9936305732484076 0.9804367606915377
0.9825046040515654 0.9708826205641492 0.9712230215827338 0.9827115559599636 0.9767970882620565
0.9878618113912232 0.9626933575978162 0.963620230700976 0.9881710646041856 0.9754322111010009
0.9860982391102873 0.9681528662420382 0.968722073279714 0.986351228389445 0.9772520473157416
0.9905571293673276 0.9545040946314831 0.9561018437225637 0.9909008189262967 0.9727024567788899
0.9861111111111112 0.9690627843494085 0.9695885509838998 0.986351228389445 0.9777070063694268
0.9888888888888889 0.9717925386715196 0.9722719141323792 0.989080982711556 0.9804367606915377
0.9896713615023475 0.9590536851683349 0.9602824360105914 0.9899909008189263 0.9745222929936306
0.9869767441860465 0.9654231119199272 0.9661620658949243 0.9872611464968153 0.9763421292083713
0.9842300556586271 0.9654231119199272 0.9660714285714286 0.9845313921747043 0.9749772520473158
0.9834710743801653 0.9745222929936306 0.9747520288548241 0.9836214740673339 0.9790718835304822
0.9878618113912232 0.9626933575978162 0.963620230700976 0.9881710646041856 0.9754322111010009
0.9877358490566037 0.9526842584167425 0.9543057996485061 0.9881710646041856 0.9704276615104641
0.9833333333333333 0.9663330300272975 0.9669051878354203 0.9836214740673339 0.9749772520473158
0.9852670349907919 0.9736123748862603 0.9739208633093526 0.9854413102820746 0.9795268425841674
0.9925233644859813 0.9663330300272975 0.9671985815602837 0.9927206551410374 0.9795268425841674
0.9851439182915506 0.9654231119199272 0.9661016949152542 0.9854413102820746 0.9754322111010009
0.986046511627907 0.9645131938125568 0.9652715939447908 0.986351228389445 0.9754322111010009
0.9833795013850416 0.9690627843494085 0.9695067264573991 0.9836214740673339 0.9763421292083713
0.9887745556594949 0.9617834394904459 0.9627989371124889 0.989080982711556 0.9754322111010009
0.9796484736355227 0.9636032757051866 0.964189794091316 0.9799818016378526 0.9717925386715196
0.993439550140581 0.9645131938125568 0.9655172413793104 0.9936305732484076 0.9790718835304822
0.9850885368126747 0.9617834394904459 0.9626666666666667 0.9854413102820746 0.9736123748862603
0.988909426987061 0.9736123748862603 0.9740143369175627 0.989080982711556 0.9813466787989081
0.9904942965779467 0.9481346678798908 0.9502617801047121 0.9909008189262967 0.9695177434030937
0.9880184331797235 0.9754322111010009 0.9757412398921833 0.9881710646041856 0.9818016378525932
0.9860594795539034 0.9654231119199272 0.966131907308378 0.986351228389445 0.9758871701546861
0.9888682745825603 0.9699727024567789 0.9705357142857143 0.989080982711556 0.9795268425841674
0.9799635701275046 0.9790718835304822 0.9790909090909091 0.9799818016378526 0.9795268425841674
0.9916974169741697 0.978161965423112 0.9784560143626571 0.991810737033667 0.9849863512283894
0.9896519285042333 0.9572338489535942 0.958590308370044 0.9899909008189263 0.9736123748862603
0.9898242368177613 0.9736123748862603 0.9740376007162042 0.9899909008189263 0.9818016378525932
0.9879294336118849 0.9681528662420382 0.9687778768956289 0.9881710646041856 0.978161965423112
0.989805375347544 0.9717925386715196 0.9722966934763181 0.9899909008189263 0.9808917197452229
0.9899497487437185 0.9899497487437185 0.9899497487437185 0.9899497487437185 0.9899497487437185
0.9851116625310173 0.9949874686716792 0.9949367088607595 0.9849624060150376 0.9899749373433584
0.9776119402985075 0.9849624060150376 0.9848484848484849 0.9774436090225563 0.981203007518797
0.9800332778702163 0.9833055091819699 0.983249581239531 0.9799666110183639 0.9816360601001669
0.971947194719472 0.9833055091819699 0.9831081081081081 0.9716193656093489 0.9774624373956594
0.9970401691331924 0.9829095456440183 0.9053117782909931 0.9824561403508771 0.9828448892065761
