0.9944237918215614 0.9736123748862603 0.9741532976827094 0.9945404913557779 0.9840764331210191
0.9889400921658986 0.9763421292083713 0.9766397124887691 0.989080982711556 0.9827115559599636
0.9944186046511628 0.9727024567788899 0.9732858414959928 0.9945404913557779 0.9836214740673339
0.986046511627907 0.9645131938125568 0.9652715939447908 0.986351228389445 0.9754322111010009
0.9943396226415094 0.9590536851683349 0.960456942003515 0.9945404913557779 0.9767970882620565
0.9888372093023255 0.9672429481346679 0.9679430097951914 0.989080982711556 0.978161965423112
0.9897388059701493 0.9654231119199272 0.9662522202486679 0.9899909008189263 0.9777070063694268
0.9888059701492538 0.9645131938125568 0.9653641207815276 0.989080982711556 0.9767970882620565
0.9907407407407407 0.9736123748862603 0.9740608228980322 0.9909008189262967 0.9822565969062784
0.9934272300469483 0.9626933575978162 0.9638128861429832 0.9936305732484076 0.978161965423112
0.9925373134328358 0.9681528662420382 0.9689165186500888 0.9927206551410374 0.9804367606915377
0.983440662373505 0.9727024567788899 0.972997299729973 0.9836214740673339 0.978161965423112
0.9888579387186629 0.9690627843494085 0.9696699375557538 0.989080982711556 0.9790718835304822
0.9925023430178069 0.9636032757051866 0.964633068081344 0.9927206551410374 0.978161965423112
0.9925512104283054 0.9699727024567789 0.9706405693950177 0.9927206551410374 0.9813466787989081
0.991588785046729 0.9654231119199272 0.9663120567375887 0.991810737033667 0.978616924476797
0.9944186046511628 0.9727024567788899 0.9732858414959928 0.9945404913557779 0.9836214740673339
0.9907063197026023 0.9699727024567789 0.9705882352941176 0.9909008189262967 0.9804367606915377
0.9869281045751634 0.9617834394904459 0.9627329192546584 0.9872611464968153 0.9745222929936306
0.9880073800738007 0.9745222929936306 0.9748653500897666 0.9881710646041856 0.9813466787989081
0.987906976744186 0.9663330300272975 0.9670525378450578 0.9881710646041856 0.9772520473157416
0.987072945521699 0.9727024567788899 0.9730941704035875 0.9872611464968153 0.9799818016378526
0.9897959183673469 0.9708826205641492 0.9714285714285714 0.9899909008189263 0.9804367606915377
0.991635687732342 0.9708826205641492 0.9714795008912656 0.991810737033667 0.9813466787989081
0.9852262234533703 0.9708826205641492 0.9713004484304932 0.9854413102820746 0.978161965423112
0.9858757062146892 0.9526842584167425 0.954225352112676 0.986351228389445 0.9695177434030937
0.9934518241347053 0.9663330300272975 0.9672276350752879 0.9936305732484076 0.9799818016378526
0.9906890130353817 0.9681528662420382 0.9688612099644128 0.9909008189262967 0.9795268425841674
0.9851301115241635 0.9645131938125568 0.9652406417112299 0.9854413102820746 0.9749772520473158
0.9896616541353384 0.9581437670609645 0.9594356261022927 0.9899909008189263 0.9740673339399454
0.9952426260704091 0.9517743403093721 0.953792502179599 0.9954504094631483 0.9736123748862603
0.9898523985239852 0.9763421292083713 0.9766606822262118 0.9899909008189263 0.9831665150136488
0.987037037037037 0.9699727024567789 0.9704830053667263 0.9872611464968153 0.978616924476797
0.9934883720930232 0.9717925386715196 0.9723953695458593 0.9936305732484076 0.9827115559599636
0.9887640449438202 0.9608735213830755 0.9619469026548673 0.989080982711556 0.9749772520473158
0.9878391019644528 0.9608735213830755 0.9619131975199291 0.9881710646041856 0.9745222929936306
0.9916589434661723 0.9736123748862603 0.9740840035746202 0.991810737033667 0.9827115559599636
0.9906542056074766 0.9645131938125568 0.9654255319148937 0.9909008189262967 0.9777070063694268
0.9925719591457753 0.9727024567788899 0.9732381801962533 0.9927206551410374 0.9827115559599636
0.988795518207283 0.9636032757051866 0.9645075421472937 0.989080982711556 0.9763421292083713
0.9907063197026023 0.9699727024567789 0.9705882352941176 0.9909008189262967 0.9804367606915377
0.9898523985239852 0.9763421292083713 0.9766606822262118 0.9899909008189263 0.9831665150136488
0.9925650557620818 0.9717925386715196 0.9723707664884136 0.9927206551410374 0.9822565969062784
0.984302862419206 0.9699727024567789 0.9704035874439462 0.9845313921747043 0.9772520473157416
0.9916897506925207 0.9772520473157416 0.9775784753363229 0.991810737033667 0.9845313921747043
0.9915333960489181 0.9590536851683349 0.960352422907489 0.991810737033667 0.9754322111010009
0.9889196675900277 0.9745222929936306 0.9748878923766816 0.989080982711556 0.9818016378525932
0.9888164026095061 0.9654231119199272 0.9662222222222222 0.989080982711556 0.9772520473157416
0.9860853432282004 0.9672429481346679 0.9678571428571429 0.986351228389445 0.9767970882620565
0.9925163704396632 0.9654231119199272 0.9663418954827281 0.9927206551410374 0.9790718835304822
0.9943449575871819 0.9599636032757052 0.961301671064204 0.9945404913557779 0.9772520473157416
0.9870250231696015 0.9690627843494085 0.9696157283288651 0.9872611464968153 0.978161965423112
0.9869402985074627 0.9626933575978162 0.9635879218472468 0.9872611464968153 0.9749772520473158
0.9861495844875346 0.9717925386715196 0.9721973094170404 0.986351228389445 0.9790718835304822
0.989843028624192 0.9754322111010009 0.9757847533632287 0.9899909008189263 0.9827115559599636
0.9879294336118849 0.9681528662420382 0.9687778768956289 0.9881710646041856 0.978161965423112
0.9907493061979649 0.9745222929936306 0.9749328558639212 0.9909008189262967 0.9827115559599636
0.9888682745825603 0.9699727024567789 0.9705357142857143 0.989080982711556 0.9795268425841674
0.997164461247637 0.9599636032757052 0.9614035087719298 0.997270245677889 0.978616924476797
0.9916044776119403 0.9672429481346679 0.9680284191829485 0.991810737033667 0.9795268425841674
0.9935245143385754 0.9772520473157416 0.9776186213070726 0.9936305732484076 0.9854413102820746
0.9935125115848007 0.9754322111010009 0.9758713136729222 0.9936305732484076 0.9845313921747043
0.9925512104283054 0.9699727024567789 0.9706405693950177 0.9927206551410374 0.9813466787989081
0.991635687732342 0.9708826205641492 0.9714795008912656 0.991810737033667 0.9813466787989081
0.9896907216494846 0.9608735213830755 0.9619805481874447 0.9899909008189263 0.9754322111010009
0.9943820224719101 0.9663330300272975 0.9672566371681416 0.9945404913557779 0.9804367606915377
0.9971857410881801 0.9672429481346679 0.9681978798586572 0.997270245677889 0.9822565969062784
0.9861111111111112 0.9690627843494085 0.9695885509838998 0.986351228389445 0.9777070063694268
0.991588785046729 0.9654231119199272 0.9663120567375887 0.991810737033667 0.978616924476797
0.9907063197026023 0.9699727024567789 0.9705882352941176 0.9909008189262967 0.9804367606915377
0.9906191369606003 0.9608735213830755 0.9620141342756183 0.9909008189262967 0.9758871701546861
0.9916123019571296 0.9681528662420382 0.9688888888888889 0.991810737033667 0.9799818016378526
0.9934944237918215 0.9727024567788899 0.9732620320855615 0.9936305732484076 0.9831665150136488
0.9934579439252337 0.9672429481346679 0.9680851063829787 0.9936305732484076 0.9804367606915377
0.9897483690587139 0.9663330300272975 0.9671111111111111 0.9899909008189263 0.978161965423112
0.9906367041198502 0.9626933575978162 0.963716814159292 0.9909008189262967 0.9767970882620565
0.9861239592969473 0.9699727024567789 0.9704565801253358 0.986351228389445 0.978161965423112
0.9888682745825603 0.9699727024567789 0.9705357142857143 0.989080982711556 0.9795268425841674
0.9906367041198502 0.9626933575978162 0.963716814159292 0.9909008189262967 0.9767970882620565
0.989805375347544 0.9717925386715196 0.9722966934763181 0.9899909008189263 0.9808917197452229
0.9880404783808647 0.9772520473157416 0.9774977497749775 0.9881710646041856 0.9827115559599636
0.9934640522875817 0.9681528662420382 0.968944099378882 0.9936305732484076 0.9808917197452229
0.9897579143389199 0.9672429481346679 0.9679715302491103 0.9899909008189263 0.978616924476797
0.9925581395348837 0.9708826205641492 0.9715048975957258 0.9927206551410374 0.9818016378525932
0.9880073800738007 0.9745222929936306 0.9748653500897666 0.9881710646041856 0.9813466787989081
0.9943661971830986 0.9636032757051866 0.9646954986760812 0.9945404913557779 0.9790718835304822
0.9870490286771508 0.9708826205641492 0.9713518352730528 0.9872611464968153 0.9790718835304822
0.9925093632958801 0.9645131938125568 0.9654867256637168 0.9927206551410374 0.978616924476797
0.9869646182495344 0.9645131938125568 0.9653024911032029 0.9872611464968153 0.9758871701546861
0.9934944237918215 0.9727024567788899 0.9732620320855615 0.9936305732484076 0.9831665150136488
0.9896030245746692 0.9526842584167425 0.9543859649122807 0.9899909008189263 0.9713375796178344
0.9888579387186629 0.9690627843494085 0.9696699375557538 0.989080982711556 0.9790718835304822
0.9916123019571296 0.9681528662420382 0.9688888888888889 0.991810737033667 0.9799818016378526
0.9907149489322191 0.9708826205641492 0.9714540588760036 0.9909008189262967 0.9808917197452229
0.9880294659300184 0.9763421292083713 0.9766187050359713 0.9881710646041856 0.9822565969062784
0.9926402943882244 0.9818016378525932 0.981998199819982 0.9927206551410374 0.9872611464968153
0.9906716417910447 0.9663330300272975 0.9671403197158082 0.9909008189262967 0.978616924476797
0.9944341372912802 0.9754322111010009 0.9758928571428571 0.9945404913557779 0.9849863512283894
0.989805375347544 0.9717925386715196 0.9722966934763181 0.9899909008189263 0.9808917197452229
0.9925994449583718 0.9763421292083713 0.9767233661593554 0.9927206551410374 0.9845313921747043
0.995 1.0 1.0 0.9949748743718593 0.9974874371859297
0.995 0.9974937343358395 0.9974874371859297 0.9949874686716792 0.9962406015037594
0.9825 0.9849624060150376 0.9849246231155779 0.9824561403508771 0.9837092731829574
0.978405315614618 0.9833055091819699 0.9832214765100671 0.9782971619365609 0.9808013355592654
0.9735973597359736 0.9849749582637729 0.9847972972972973 0.9732888146911519 0.9791318864774624
0.9991546914623838 0.9854105877448937 0.9189814814814815 0.9949874686716792 0.9867762687634024
