0.98989898989899 0.981226533166458 0.9813895781637717 0.9899874843554443 0.9856070087609512
0.9924337957124842 0.9849812265331664 0.9850931677018634 0.9924906132665833 0.9887359198998749
0.9987437185929648 0.9949937421777222 0.9950124688279302 0.9987484355444305 0.9968710888610763
0.9912170639899623 0.9887359198998749 0.9887640449438202 0.9912390488110138 0.9899874843554443
0.9924337957124842 0.9849812265331664 0.9850931677018634 0.9924906132665833 0.9887359198998749
0.9887076537013801 0.986232790988736 0.9862671660424469 0.9887359198998749 0.9874843554443054
0.993734335839599 0.9924906132665833 0.9925 0.9937421777221527 0.9931163954943679
0.9936708860759493 0.9824780976220275 0.9826732673267327 0.9937421777221527 0.9881101376720901
0.9912280701754386 0.9899874843554443 0.99 0.9912390488110138 0.990613266583229
0.9937106918238994 0.9887359198998749 0.9887920298879203 0.9937421777221527 0.9912390488110138
0.9912060301507538 0.9874843554443054 0.9875311720698254 0.9912390488110138 0.9893617021276596
0.9949494949494949 0.986232790988736 0.9863523573200993 0.9949937421777222 0.990613266583229
0.9949367088607595 0.983729662077597 0.9839108910891089 0.9949937421777222 0.9893617021276596
0.9900497512437811 0.9962453066332916 0.9962216624685138 0.9899874843554443 0.9931163954943679
0.993734335839599 0.9924906132665833 0.9925 0.9937421777221527 0.9931163954943679
0.9912170639899623 0.9887359198998749 0.9887640449438202 0.9912390488110138 0.9899874843554443
0.9962264150943396 0.9912390488110138 0.9912826899128269 0.9962453066332916 0.9937421777221527
0.9962168978562421 0.9887359198998749 0.9888198757763975 0.9962453066332916 0.9924906132665833
0.9961880559085133 0.981226533166458 0.9815043156596794 0.9962453066332916 0.9887359198998749
0.9987325728770595 0.986232790988736 0.9864029666254636 0.9987484355444305 0.9924906132665833
0.9899749373433584 0.9887359198998749 0.98875 0.9899874843554443 0.9893617021276596
0.9949622166246851 0.9887359198998749 0.9888059701492538 0.9949937421777222 0.9918648310387985
0.9949874686716792 0.9937421777221527 0.99375 0.9949937421777222 0.9943679599499374
0.9912718204488778 0.9949937421777222 0.9949748743718593 0.9912390488110138 0.9931163954943679
0.9912060301507538 0.9874843554443054 0.9875311720698254 0.9912390488110138 0.9893617021276596
0.9887218045112782 0.9874843554443054 0.9875 0.9887359198998749 0.9881101376720901
0.9875311720698254 0.9912390488110138 0.9912060301507538 0.9874843554443054 0.9893617021276596
0.9949811794228356 0.9924906132665833 0.9925093632958801 0.9949937421777222 0.9937421777221527
0.9875621890547264 0.9937421777221527 0.9937027707808564 0.9874843554443054 0.990613266583229
0.9912390488110138 0.9912390488110138 0.9912390488110138 0.9912390488110138 0.9912390488110138
0.9962168978562421 0.9887359198998749 0.9888198757763975 0.9962453066332916 0.9924906132665833
0.9900373599003736 0.9949937421777222 0.9949685534591195 0.9899874843554443 0.9924906132665833
0.9911949685534591 0.986232790988736 0.9863013698630136 0.9912390488110138 0.9887359198998749
0.9912390488110138 0.9912390488110138 0.9912390488110138 0.9912390488110138 0.9912390488110138
0.9924433249370277 0.986232790988736 0.986318407960199 0.9924906132665833 0.9893617021276596
0.9949748743718593 0.9912390488110138 0.9912718204488778 0.9949937421777222 0.9931163954943679
0.9949811794228356 0.9924906132665833 0.9925093632958801 0.9949937421777222 0.9937421777221527
0.99 0.9912390488110138 0.9912280701754386 0.9899874843554443 0.990613266583229
0.9936788874841972 0.983729662077597 0.9838909541511772 0.9937421777221527 0.9887359198998749
0.9962264150943396 0.9912390488110138 0.9912826899128269 0.9962453066332916 0.9937421777221527
0.993734335839599 0.9924906132665833 0.9925 0.9937421777221527 0.9931163954943679
0.9961928934010152 0.9824780976220275 0.9827160493827161 0.9962453066332916 0.9893617021276596
0.9924528301886792 0.9874843554443054 0.987546699875467 0.9924906132665833 0.9899874843554443
0.9937264742785445 0.9912390488110138 0.9912609238451935 0.9937421777221527 0.9924906132665833
0.9887218045112782 0.9874843554443054 0.9875 0.9887359198998749 0.9881101376720901
0.9962264150943396 0.9912390488110138 0.9912826899128269 0.9962453066332916 0.9937421777221527
0.9886792452830189 0.983729662077597 0.9838107098381071 0.9887359198998749 0.986232790988736
0.99 0.9912390488110138 0.9912280701754386 0.9899874843554443 0.990613266583229
0.998745294855709 0.9962453066332916 0.9962546816479401 0.9987484355444305 0.9974968710888611
0.9874686716791979 0.986232790988736 0.98625 0.9874843554443054 0.9868585732165206
0.9949622166246851 0.9887359198998749 0.9888059701492538 0.9949937421777222 0.9918648310387985
0.9925 0.9937421777221527 0.993734335839599 0.9924906132665833 0.9931163954943679
0.9962073324905183 0.986232790988736 0.9863692688971499 0.9962453066332916 0.9912390488110138
0.9962121212121212 0.9874843554443054 0.9875930521091811 0.9962453066332916 0.9918648310387985
0.9987389659520807 0.9912390488110138 0.991304347826087 0.9987484355444305 0.9949937421777222
0.9949622166246851 0.9887359198998749 0.9888059701492538 0.9949937421777222 0.9918648310387985
0.9900373599003736 0.9949937421777222 0.9949685534591195 0.9899874843554443 0.9924906132665833
0.9937027707808564 0.9874843554443054 0.9875621890547264 0.9937421777221527 0.990613266583229
0.9962168978562421 0.9887359198998749 0.9888198757763975 0.9962453066332916 0.9924906132665833
0.9937264742785445 0.9912390488110138 0.9912609238451935 0.9937421777221527 0.9924906132665833
0.9949748743718593 0.9912390488110138 0.9912718204488778 0.9949937421777222 0.9931163954943679
0.9949558638083228 0.9874843554443054 0.9875776397515528 0.9949937421777222 0.9912390488110138
0.9936868686868687 0.9849812265331664 0.9851116625310173 0.9937421777221527 0.9893617021276596
0.9962264150943396 0.9912390488110138 0.9912826899128269 0.9962453066332916 0.9937421777221527
0.9900249376558603 0.9937421777221527 0.9937185929648241 0.9899874843554443 0.9918648310387985
0.9949558638083228 0.9874843554443054 0.9875776397515528 0.9949937421777222 0.9912390488110138
0.9937264742785445 0.9912390488110138 0.9912609238451935 0.9937421777221527 0.9924906132665833
0.993734335839599 0.9924906132665833 0.9925 0.9937421777221527 0.9931163954943679
0.9936948297604036 0.986232790988736 0.986335403726708 0.9937421777221527 0.9899874843554443
0.9949811794228356 0.9924906132665833 0.9925093632958801 0.9949937421777222 0.9937421777221527
